01, 74395955718, 20230310220753, 20230310224717
02, 75403223802, 20230116092437, 20230116093143
02, 79304907980, 20230418145802, 20230418152655
01, 78523494915, 20230308222941, 20230308232339
01, 76706960220, 20230325155202, 20230325162056
02, 76694968036, 20230307132735, 20230307133404
02, 71300447516, 20230307092223, 20230307100142
01, 79304907980, 20230214142236, 20230214143001
02, 77677572489, 20230217121503, 20230217123706
01, 76826167792, 20230221234151, 20230222000042
01, 75915437806, 20230311070433, 20230311075231
01, 78537752983, 20230415200435, 20230415205229
02, 70000000000, 20230323164734, 20230323172202
01, 73183773260, 20230306225716, 20230306230335
02, 78136817191, 20230122232041, 20230122232144
01, 77493614944, 20230210205349, 20230210205401
01, 78329984352, 20230321094347, 20230321103922
02, 74395955718, 20230225150325, 20230225152016
01, 74192927103, 20230419215947, 20230419221531
02, 74395955718, 20230312144317, 20230312151623
01, 72976204843, 20230106211731, 20230106220108
02, 79068594234, 20230124110535, 20230124111753
01, 72976204843, 20230411224820, 20230411231213
02, 78329984352, 20230208012200, 20230208020049
01, 74543981404, 20230228203227, 20230228203717
02, 74052179726, 20230104202510, 20230104205124
02, 72674811559, 20230423115456, 20230423122136
02, 72038053300, 20230423023851, 20230423024252
02, 73447138645, 20230213012344, 20230213015033
01, 73379846930, 20230115055543, 20230115065229
02, 79304907980, 20230202194037, 20230202203056
01, 77171116903, 20230331060740, 20230331061532
02, 77860304173, 20230416164318, 20230416172528
02, 75083259294, 20230205164056, 20230205165008
02, 74395955718, 20230221160357, 20230221163542
02, 73708833607, 20230112163644, 20230112164440
02, 75083259294, 20230127195405, 20230127205339
01, 72736605454, 20230330050621, 20230330055751
02, 73853834144, 20230105175617, 20230105185329
02, 79622169345, 20230404123003, 20230404131048
01, 77856874212, 20230303134309, 20230303143239
01, 75043086062, 20230217073739, 20230217080415
02, 74155290440, 20230410090520, 20230410094111
01, 71300447516, 20230215045633, 20230215054056
02, 72787959945, 20230130212344, 20230130222037
02, 73708833607, 20230121112233, 20230121122116
02, 79353805124, 20230312231218, 20230312231726
01, 78329984352, 20230303143634, 20230303145733
02, 78040686407, 20230227194219, 20230227195729
01, 74648862555, 20230317105702, 20230317110908
01, 78504216740, 20230409212600, 20230409220046
02, 75700006412, 20230216105749, 20230216111043
01, 77860304173, 20230310161400, 20230310164507
01, 74155290440, 20230319170520, 20230319173444
02, 78067561751, 20230115175059, 20230115181551
01, 71666594317, 20230116014248, 20230116022519
02, 71300447516, 20230225025148, 20230225032406
01, 76616850273, 20230330104429, 20230330114129
01, 78040686407, 20230208160339, 20230208163126
02, 75915437806, 20230328111643, 20230328112527
02, 73379846930, 20230331230627, 20230331230710
01, 78040686407, 20230417024436, 20230417031959
02, 78117604695, 20230129034741, 20230129040703
01, 72976204843, 20230324003055, 20230324010955
02, 72118336417, 20230420111958, 20230420120249
01, 74952641858, 20230213202422, 20230213205150
02, 72586918467, 20230116185715, 20230116192635
02, 72450581455, 20230227011532, 20230227013514
01, 78537752983, 20230322174728, 20230322175745
01, 72388538156, 20230423000142, 20230423000919
01, 74395955718, 20230130035324, 20230130042152
02, 74050863719, 20230329074034, 20230329082617
02, 78523494915, 20230117092913, 20230117094036
01, 71802734549, 20230124163608, 20230124171214
02, 71489042934, 20230331215742, 20230331225225
02, 76826167792, 20230402090910, 20230402093829
01, 77433639816, 20230317124439, 20230317131528
02, 78920857532, 20230326052729, 20230326054910
02, 76116296242, 20230410165927, 20230410175331
02, 78504216740, 20230302234552, 20230303001652
02, 77171116903, 20230407130420, 20230407140324
01, 76638974409, 20230304225345, 20230304230517
02, 70000000000, 20230222061115, 20230222064050
02, 73708833607, 20230327130023, 20230327133555
02, 75915437806, 20230401032732, 20230401033251
01, 77860304173, 20230109133307, 20230109134700
01, 77899130355, 20230128193837, 20230128200533
02, 77496708358, 20230210195256, 20230210205015
02, 76231943729, 20230318085820, 20230318093441
01, 76826167792, 20230206094802, 20230206102134
01, 78174417406, 20230215054759, 20230215061503
02, 72450581455, 20230310080759, 20230310084016
02, 77332867067, 20230111231929, 20230111234448
02, 75308634688, 20230313080855, 20230313083921
02, 79549695626, 20230105210010, 20230105211549
02, 71016854518, 20230411220332, 20230411221527
01, 72450581455, 20230219081903, 20230219082013
02, 76107990296, 20230304024014, 20230304030432
01, 72517662105, 20230415072251, 20230415074813
01, 75358604965, 20230212052647, 20230212054657
01, 76315555637, 20230308024541, 20230308033339
02, 74192927103, 20230313172922, 20230313173421
01, 78886786314, 20230123171757, 20230123173711
01, 78911608846, 20230221230937, 20230221232949
01, 73240974346, 20230302062518, 20230302063941
02, 78339129617, 20230123012400, 20230123022044
01, 71485499606, 20230207111013, 20230207114718
02, 71300447516, 20230212072204, 20230212074310
02, 71485499606, 20230413161932, 20230413171739
02, 78504216740, 20230213220313, 20230213221634
01, 75016047921, 20230228110852, 20230228113227
01, 75277554148, 20230422145530, 20230422155346
02, 73852527357, 20230110020320, 20230110025508
01, 75888906242, 20230211161836, 20230211161936
01, 79510695655, 20230111140400, 20230111143834
02, 72338880219, 20230320112429, 20230320115658
01, 77583833375, 20230304143022, 20230304152611
01, 71752518487, 20230308134634, 20230308142802
02, 76638974409, 20230327134216, 20230327140615
02, 72450581455, 20230401212335, 20230401221640
01, 75083259294, 20230317221720, 20230317223801
02, 78981752732, 20230110013749, 20230110022715
02, 73379846930, 20230323220743, 20230323221350
02, 78523494915, 20230122044854, 20230122044855
02, 74155290440, 20230320055750, 20230320062404
02, 77247123262, 20230321205727, 20230321211731
02, 71802734549, 20230217170017, 20230217175456
01, 77496708358, 20230307152034, 20230307161510
01, 78504216740, 20230223081938, 20230223083037
01, 79854235259, 20230423220807, 20230423221134
01, 77171116903, 20230318042644, 20230318044010
01, 77461897683, 20230306064435, 20230306071755
01, 71802734549, 20230305073452, 20230305075514
01, 73991318278, 20230228071310, 20230228072934
01, 72684540570, 20230401043527, 20230401045537
01, 74050863719, 20230216142529, 20230216150629
01, 77650842265, 20230413040739, 20230413041720
01, 77899130355, 20230308151556, 20230308152719
01, 78981752732, 20230208093716, 20230208094622
02, 71016854518, 20230212010157, 20230212014820
01, 72954229871, 20230323022309, 20230323030124
01, 71743378377, 20230227024341, 20230227024838
01, 74050863719, 20230223064349, 20230223065401
01, 73183773260, 20230404070254, 20230404080156
02, 72393018123, 20230131043258, 20230131052205
02, 78504216740, 20230407171711, 20230407173533
01, 78537752983, 20230204054524, 20230204063611
01, 71485499606, 20230328183310, 20230328192959
02, 74155290440, 20230324062914, 20230324072840
01, 75915437806, 20230211152202, 20230211155548
02, 75226223239, 20230211175730, 20230211180147
01, 73384208611, 20230202003830, 20230202005132
01, 72338880219, 20230224073544, 20230224080121
02, 71358652906, 20230330003830, 20230330012417
02, 71743378377, 20230315064110, 20230315071559
01, 75967016618, 20230321063458, 20230321073037
01, 77171116903, 20230216182616, 20230216183448
02, 74468131714, 20230316073700, 20230316080620
02, 75406331735, 20230127204615, 20230127205108
01, 70000000000, 20230208222336, 20230208231527
01, 71261439442, 20230223083413, 20230223084216
02, 76024408663, 20230325083741, 20230325093156
02, 79644143058, 20230219000815, 20230219004115
02, 75403223802, 20230209081106, 20230209084723
02, 75915437806, 20230113015253, 20230113022005
02, 71270095495, 20230122125844, 20230122131339
02, 74056449440, 20230115155425, 20230115163726
01, 76344413120, 20230405061712, 20230405064502
01, 74085777303, 20230104185444, 20230104195425
02, 72736605454, 20230220081113, 20230220082751
02, 73447138645, 20230107114040, 20230107120309
01, 76826167792, 20230422190406, 20230422190844
01, 77122949278, 20230330233313, 20230331000811
01, 78504216740, 20230201130017, 20230201132323
02, 71802734549, 20230109130949, 20230109133216
01, 74395955718, 20230414034724, 20230414041627
01, 72976204843, 20230313185946, 20230313190750
02, 71300447516, 20230217040652, 20230217043743
01, 77433639816, 20230215173849, 20230215174952
02, 77171116903, 20230119093351, 20230119101702
02, 75720354789, 20230405050127, 20230405050641
01, 74468131714, 20230407023518, 20230407025140
02, 75083259294, 20230204141732, 20230204151113
01, 79386141509, 20230422081653, 20230422085834
01, 71469988427, 20230111234044, 20230112003415
01, 73447138645, 20230302172415, 20230302175418
02, 75757465141, 20230323180136, 20230323180214
02, 78329984352, 20230104193217, 20230104193841
01, 74155290440, 20230128180347, 20230128185231
02, 72445649023, 20230126032921, 20230126040824
02, 76148379252, 20230227211606, 20230227221308
02, 78504216740, 20230112214030, 20230112221051
01, 75043086062, 20230411004239, 20230411011724
02, 71802734549, 20230404082542, 20230404083703
02, 74668325015, 20230419074806, 20230419082044
02, 73708833607, 20230224120330, 20230224124622
02, 70000000000, 20230130134239, 20230130143124
01, 72976204843, 20230417062923, 20230417071355
01, 75915437806, 20230403062436, 20230403065622
02, 78079869270, 20230226005447, 20230226012658
01, 71489042934, 20230331212754, 20230331213442
02, 74395955718, 20230327062454, 20230327062904
02, 78981752732, 20230122154804, 20230122154815
01, 72736605454, 20230203170109, 20230203172149
01, 74468131714, 20230303034129, 20230303035920
02, 75915437806, 20230221050731, 20230221055521
02, 76368193693, 20230417083544, 20230417091309
01, 73183773260, 20230307042410, 20230307050204
02, 75083259294, 20230224011549, 20230224012253
02, 74395955718, 20230410230516, 20230410230710
02, 77860304173, 20230314042904, 20230314044201
02, 76694968036, 20230405092840, 20230405102240
02, 72061795553, 20230413110145, 20230413113513
02, 78329984352, 20230216111132, 20230216112953
01, 75915437806, 20230409023528, 20230409032356
01, 77171116903, 20230103111019, 20230103114834
01, 71489042934, 20230403172932, 20230403174539
01, 72338880219, 20230404124437, 20230404134218
01, 71233713205, 20230203081543, 20230203090124
02, 73964554773, 20230412153212, 20230412155539
02, 71489042934, 20230306040730, 20230306044621
02, 75694629271, 20230125070623, 20230125071639
02, 72450581455, 20230226084234, 20230226092819
02, 77461897683, 20230108143159, 20230108144917
01, 72223069180, 20230417030057, 20230417030227
01, 75117521392, 20230112114306, 20230112114312
01, 78504216740, 20230118060850, 20230118062019
02, 77171116903, 20230104031104, 20230104031106
01, 73708833607, 20230307032742, 20230307035258
01, 78117604695, 20230210103059, 20230210111143
01, 73447138645, 20230103094201, 20230103095835
02, 74155290440, 20230108072742, 20230108081032
02, 78067561751, 20230422225611, 20230422231425
02, 79510695655, 20230418042349, 20230418050535
01, 71743378377, 20230209141254, 20230209144721
02, 72450581455, 20230319130901, 20230319133457
01, 71485499606, 20230312010752, 20230312020215
01, 74395955718, 20230129000858, 20230129004111
01, 74192927103, 20230326053707, 20230326054917
01, 75403223802, 20230206205530, 20230206212818
01, 74192927103, 20230114150544, 20230114155134
01, 72976204843, 20230220211243, 20230220212447
01, 74395955718, 20230226060345, 20230226062655
02, 70000000000, 20230301152124, 20230301153319
02, 72736869066, 20230201031736, 20230201033208
01, 77461897683, 20230310225456, 20230310233806
02, 71485499606, 20230319232439, 20230320000916
01, 72976204843, 20230125081106, 20230125085805
01, 78537752983, 20230325221040, 20230325222646
02, 77171116903, 20230403162608, 20230403162945
01, 78117604695, 20230117080351, 20230117082357
02, 74468131714, 20230411015730, 20230411020610
02, 74050332162, 20230401130832, 20230401135020
01, 73447138645, 20230303003229, 20230303010417
01, 78504216740, 20230222202659, 20230222211346
02, 78791909037, 20230319180444, 20230319184437
02, 71802734549, 20230226150808, 20230226155818
02, 75083259294, 20230416164407, 20230416172940
01, 72684540570, 20230116144530, 20230116150441
02, 78329984352, 20230319080807, 20230319080929
02, 71016854518, 20230406160057, 20230406161135
02, 74468131714, 20230112211644, 20230112221615
01, 77171116903, 20230130145043, 20230130153448
02, 78537752983, 20230331073659, 20230331081334
01, 71489042934, 20230129000932, 20230129002834
01, 77396604927, 20230101023328, 20230101025315
01, 79829212579, 20230130013934, 20230130021620
01, 73708833607, 20230210020716, 20230210025055
01, 70000000000, 20230419004237, 20230419010358
01, 72450581455, 20230125120712, 20230125121302
01, 78463522078, 20230212111905, 20230212120634
01, 75699715002, 20230105110627, 20230105120115
02, 77496708358, 20230411112549, 20230411122259
02, 76847488775, 20230227234544, 20230228002144
01, 77433639816, 20230207083349, 20230207091634
02, 75720354789, 20230218041455, 20230218044511
02, 73379846930, 20230228191156, 20230228193343
02, 73515014903, 20230410030101, 20230410031607
02, 72450581455, 20230104031605, 20230104031710
01, 77171116903, 20230216225853, 20230216232959
02, 71489042934, 20230107231335, 20230107234214
01, 79545723056, 20230213081608, 20230213090848
01, 72450581455, 20230220152243, 20230220152445
01, 79510695655, 20230410134812, 20230410140841
01, 75083259294, 20230127151222, 20230127152614
01, 78981752732, 20230320092037, 20230320094903
02, 75331099995, 20230108035117, 20230108041852
01, 77461897683, 20230116125642, 20230116132216
02, 75720354789, 20230408112846, 20230408112930
01, 75403223802, 20230228122711, 20230228131614
01, 77860304173, 20230308054946, 20230308060250
01, 74395955718, 20230115023659, 20230115023952
02, 77817595535, 20230113155402, 20230113161524
01, 74802041465, 20230212015644, 20230212020536
01, 78040686407, 20230416000326, 20230416001239
01, 71016854518, 20230109202410, 20230109212226
02, 79304907980, 20230331224535, 20230331232648
02, 79821803010, 20230105140157, 20230105143749
02, 71403932142, 20230119174446, 20230119181609
01, 75222382299, 20230423061512, 20230423070221
02, 75720354789, 20230105231353, 20230105232943
02, 77089415526, 20230318135409, 20230318141626
01, 71617212690, 20230223142035, 20230223143854
02, 78067561751, 20230403183451, 20230403190510
02, 77496708358, 20230114014911, 20230114022737
02, 78497105029, 20230323120314, 20230323121417
02, 72338880219, 20230303032358, 20230303041037
01, 70000000000, 20230421084956, 20230421093740
02, 72684540570, 20230127004705, 20230127010058
02, 73257090390, 20230208124713, 20230208130553
01, 76438773533, 20230422155504, 20230422162303
02, 72684540570, 20230219191925, 20230219193713
02, 76694968036, 20230330131356, 20230330134359
02, 78523494915, 20230112102509, 20230112105639
02, 77860304173, 20230202221854, 20230202231702
01, 76148379252, 20230302063943, 20230302070306
01, 72569263737, 20230318051440, 20230318054454
02, 74952641858, 20230330003901, 20230330012504
01, 78504216740, 20230203011119, 20230203011945
02, 78076620169, 20230224175648, 20230224175750
01, 72338880219, 20230410213639, 20230410215559
02, 73298300242, 20230318082901, 20230318091608
02, 72644330592, 20230228084015, 20230228093322
02, 71862544041, 20230107003231, 20230107004345
02, 77860304173, 20230221201854, 20230221203903
01, 77433639816, 20230122170845, 20230122175140
02, 74502078369, 20230216172606, 20230216175247
02, 78067561751, 20230223182253, 20230223191547
02, 74798421371, 20230302142447, 20230302150829
02, 79550731539, 20230418193448, 20230418203142
02, 71443288153, 20230111044527, 20230111050658
02, 74000040765, 20230302172534, 20230302181815
01, 72684540570, 20230304210407, 20230304211533
01, 78504216740, 20230218043803, 20230218050515
01, 72552116992, 20230214130549, 20230214134316
01, 73379846930, 20230104160100, 20230104160524
02, 74395955718, 20230224023009, 20230224023200
02, 73379846930, 20230416020348, 20230416021821
02, 73708833607, 20230205235249, 20230206003940
02, 72976204843, 20230312203119, 20230312205034
02, 78174417406, 20230402014128, 20230402022401
01, 76728085463, 20230125104051, 20230125113132
01, 77495071773, 20230107120203, 20230107121906
01, 79073014916, 20230108134737, 20230108134920
01, 72087553346, 20230119182538, 20230119185219
02, 73853834144, 20230126151714, 20230126161632
02, 74155290440, 20230105171922, 20230105172819
01, 73708833607, 20230204200309, 20230204203914
01, 79476208743, 20230212162534, 20230212170236
01, 72450581455, 20230114164218, 20230114171128
01, 77860304173, 20230410122853, 20230410130821
01, 71489042934, 20230304163051, 20230304170556
02, 72338880219, 20230219124646, 20230219134533
01, 79304907980, 20230202075207, 20230202075240
01, 73778622400, 20230120050047, 20230120051000
01, 73447138645, 20230408114410, 20230408120916
01, 76826167792, 20230223181131, 20230223185029
01, 72684540570, 20230410194035, 20230410203728
01, 70000000000, 20230312082236, 20230312084735
02, 71255256390, 20230321063755, 20230321073514
02, 77171116903, 20230109041017, 20230109042102
01, 71300447516, 20230102152152, 20230102154416
02, 75403223802, 20230114120423, 20230114124316
02, 71180187269, 20230327044029, 20230327045316
01, 76638974409, 20230422151018, 20230422152802
02, 76717995210, 20230423124446, 20230423132310
01, 75915437806, 20230204032539, 20230204034216
02, 76694968036, 20230413122255, 20230413125455
01, 74502078369, 20230222081510, 20230222084325
02, 74192927103, 20230218173204, 20230218174945
02, 74530214417, 20230420064112, 20230420071202
01, 77013285044, 20230120120933, 20230120130709
01, 77753839378, 20230221180810, 20230221182653
02, 71743378377, 20230223211944, 20230223212604
02, 76148379252, 20230130102319, 20230130102354
02, 78504216740, 20230420150622, 20230420151108
01, 74519903402, 20230329173957, 20230329183047
01, 77507112305, 20230104124250, 20230104130222
02, 75915437806, 20230113013057, 20230113015534
02, 78067561751, 20230319202557, 20230319203453
01, 77463121428, 20230421120958, 20230421130903
02, 77461897683, 20230327033945, 20230327040357
02, 74593782610, 20230318055250, 20230318055953
02, 78546889608, 20230212070308, 20230212080113
02, 79510695655, 20230320184124, 20230320184828
01, 73447138645, 20230220185717, 20230220190832
01, 78537752983, 20230105100441, 20230105105746
01, 78990253161, 20230109223320, 20230109223716
01, 73774008124, 20230205112640, 20230205115702
02, 74569889963, 20230315165318, 20230315174155
01, 72450581455, 20230314010635, 20230314015650
01, 71802734549, 20230109101938, 20230109110357
02, 77496708358, 20230301054528, 20230301062631
01, 78504216740, 20230415125859, 20230415135518
02, 73379846930, 20230414202707, 20230414210517
01, 78537752983, 20230415234338, 20230416000426
01, 76359305931, 20230118130517, 20230118133233
02, 71743378377, 20230409083248, 20230409090603
02, 72976204843, 20230111100645, 20230111104043
01, 73598273112, 20230305183202, 20230305185252
01, 71743378377, 20230222014818, 20230222021356
01, 73365181267, 20230301104742, 20230301113729
02, 71485499606, 20230217130124, 20230217132536
02, 78174417406, 20230117005301, 20230117012748
02, 78791909037, 20230410134505, 20230410141249
01, 78537752983, 20230306084327, 20230306091201
01, 73379846930, 20230204075908, 20230204084836
02, 72684540570, 20230105165307, 20230105173306
01, 78791909037, 20230215215452, 20230215224105
02, 78519795670, 20230416003751, 20230416004220
01, 71489042934, 20230408131228, 20230408133927
01, 79510695655, 20230423052156, 20230423060618
02, 74192927103, 20230127201141, 20230127203932
01, 73853834144, 20230329172432, 20230329180501
01, 75403223802, 20230228002602, 20230228004324
01, 74155290440, 20230115114931, 20230115121136
02, 71802734549, 20230220122658, 20230220132030
02, 77461897683, 20230306233619, 20230307000105
02, 77856379606, 20230222205243, 20230222210230
02, 72338880219, 20230204114326, 20230204124207
01, 72450581455, 20230131200806, 20230131202418
01, 76148379252, 20230214113241, 20230214115049
01, 78040686407, 20230225000345, 20230225001447
01, 78523494915, 20230319165215, 20230319170048
02, 71024816833, 20230228081148, 20230228083408
02, 72684540570, 20230326161028, 20230326162230
02, 78067561751, 20230417203132, 20230417212757
02, 78523494915, 20230126123345, 20230126124156
02, 77254134887, 20230110130813, 20230110135720
01, 74395955718, 20230311152340, 20230311161853
02, 77461897683, 20230205175958, 20230205183800
01, 74567684023, 20230319044444, 20230319044619
02, 72736605454, 20230304191357, 20230304200724
02, 78067561751, 20230112012918, 20230112021938
02, 72477967718, 20230210125004, 20230210133435
01, 72233574815, 20230312163849, 20230312170938
01, 74737438665, 20230103224143, 20230103230039
02, 75702283201, 20230221175928, 20230221181410
01, 74502078369, 20230127093516, 20230127094716
01, 71016854518, 20230214005908, 20230214005918
02, 78891405501, 20230213191143, 20230213200122
01, 73379846930, 20230123064625, 20230123071738
02, 72884655677, 20230301211756, 20230301212423
02, 74468131714, 20230403014209, 20230403015304
01, 73708833607, 20230227080800, 20230227083255
01, 73708833607, 20230416000201, 20230416003128
01, 75704153420, 20230422124038, 20230422124052
02, 77899130355, 20230212090053, 20230212091836
02, 75403223802, 20230223152050, 20230223160453
01, 76826167792, 20230407140004, 20230407144336
01, 72976204843, 20230421214124, 20230421223644
01, 76446886609, 20230211020202, 20230211023034
02, 76694968036, 20230125072611, 20230125080952
02, 78523494915, 20230324233520, 20230325000326
02, 74468131714, 20230125132242, 20230125135905
01, 75083259294, 20230101200139, 20230101205909
01, 72355909375, 20230321194506, 20230321195525
02, 75083259294, 20230317104233, 20230317113915
01, 76148379252, 20230220134123, 20230220142629
01, 78329984352, 20230115094620, 20230115095645
01, 71300447516, 20230218053301, 20230218060905
02, 72976204843, 20230415112758, 20230415113303
01, 72450581455, 20230304221048, 20230304222352
01, 73938202416, 20230101062256, 20230101063830
01, 72423257686, 20230327100034, 20230327103633
02, 72394873017, 20230401004751, 20230401010150
02, 76826167792, 20230413091746, 20230413094712
02, 77899130355, 20230217164145, 20230217170239
01, 72684540570, 20230325223913, 20230325224555
02, 77171116903, 20230319024323, 20230319032455
01, 79510695655, 20230124130525, 20230124131216
01, 75403223802, 20230124202707, 20230124205923
02, 78040686407, 20230216000828, 20230216002655
01, 79710339228, 20230304220110, 20230304222909
01, 75213256750, 20230304141414, 20230304145700
02, 77795829117, 20230227232554, 20230227234140
01, 78773345597, 20230226082103, 20230226090337
02, 71478278576, 20230109144258, 20230109150447
02, 71522804501, 20230113045650, 20230113053232
01, 76694968036, 20230116034252, 20230116044039
02, 78040686407, 20230110101121, 20230110105621
01, 72080059908, 20230103063154, 20230103065735
02, 74502078369, 20230406095421, 20230406102213
02, 73183773260, 20230102100327, 20230102104945
01, 71489042934, 20230322074056, 20230322080752
01, 71489042934, 20230114123656, 20230114132238
01, 78040686407, 20230213015323, 20230213023854
01, 76855734472, 20230413025401, 20230413034510
02, 72887444912, 20230126201159, 20230126210531
02, 79527480540, 20230121082646, 20230121083500
01, 78791909037, 20230404040058, 20230404050025
02, 75083259294, 20230417030107, 20230417031221
01, 78040686407, 20230223075818, 20230223080330
02, 74502078369, 20230322110053, 20230322115408
01, 77496708358, 20230108162808, 20230108172432
01, 73855963440, 20230331142621, 20230331145045
02, 73763665875, 20230130182808, 20230130183545
01, 79819906953, 20230113213420, 20230113214945
02, 77171116903, 20230310122354, 20230310123905
02, 72736605454, 20230220215016, 20230220224125
02, 71802734549, 20230325131732, 20230325134418
02, 75915437806, 20230112091820, 20230112094150
02, 71300447516, 20230123140047, 20230123140719
01, 71489042934, 20230117205938, 20230117213626
01, 73151634797, 20230307114612, 20230307123938
01, 78537752983, 20230122183011, 20230122192010
01, 78177643993, 20230327060907, 20230327063023
01, 77899130355, 20230221050750, 20230221052230
01, 74502078369, 20230412133401, 20230412134928
02, 78174417406, 20230204214556, 20230204215457
01, 78523494915, 20230113204021, 20230113204852
02, 71802734549, 20230314153335, 20230314160457
02, 74192927103, 20230106153408, 20230106155759
02, 77571519652, 20230313024410, 20230313030410
02, 73593007563, 20230305100344, 20230305103906
01, 75762507332, 20230307022703, 20230307023357
02, 74502078369, 20230418141146, 20230418141504
01, 79130024943, 20230211233316, 20230211235244
02, 74050863719, 20230421191824, 20230421192434
02, 78657180005, 20230326212714, 20230326221300
02, 72450581455, 20230217212957, 20230217222317
01, 71016854518, 20230405071830, 20230405073250
02, 73708833607, 20230214223446, 20230214225027
02, 78504216740, 20230331020550, 20230331024811
02, 77099137826, 20230416195239, 20230416195517
01, 78791909037, 20230307142303, 20230307150215
01, 71300447516, 20230416232212, 20230417001847
01, 74600806834, 20230210134419, 20230210141743
01, 75083259294, 20230223211307, 20230223215329
02, 73183773260, 20230216110243, 20230216114313
01, 77461897683, 20230203035913, 20230203040203
01, 71016854518, 20230405171024, 20230405171750
01, 74593574646, 20230314045854, 20230314054411
01, 76503639705, 20230225140512, 20230225150425
02, 73447138645, 20230116092221, 20230116101725
01, 76859524888, 20230408233224, 20230409002451
01, 72736605454, 20230223180158, 20230223181945
01, 71489042934, 20230312104949, 20230312114839
01, 75387228359, 20230317071134, 20230317080514
01, 78523494915, 20230121123741, 20230121130341
01, 76826167792, 20230203211241, 20230203215424
02, 76694968036, 20230220081746, 20230220083929
01, 74187940677, 20230222171559, 20230222173515
01, 73853834144, 20230409135822, 20230409142138
01, 78324639726, 20230129201544, 20230129205549
02, 78040686407, 20230105104247, 20230105112253
01, 74187249091, 20230111103525, 20230111113452
02, 78504216740, 20230220013742, 20230220022347
02, 72976204843, 20230420114206, 20230420114500
01, 78117604695, 20230421055225, 20230421063910
01, 74502078369, 20230310214933, 20230310221728
02, 73379846930, 20230122022413, 20230122030343
01, 75125598802, 20230110100705, 20230110101456
02, 73853834144, 20230219235153, 20230220000725
01, 73447138645, 20230324023958, 20230324032501
02, 71016854518, 20230102054837, 20230102063919
01, 72412988039, 20230403183428, 20230403191643
02, 75667153943, 20230301204030, 20230301205822
01, 71016854518, 20230113195023, 20230113204240
02, 78537752983, 20230222204549, 20230222210648
01, 74945979607, 20230222073529, 20230222082806
02, 72134425048, 20230103040538, 20230103043402
01, 74155290440, 20230418101702, 20230418105310
01, 74100859039, 20230305212702, 20230305212921
01, 74952641858, 20230314045054, 20230314052125
02, 77899130355, 20230227212846, 20230227220026
02, 75043086062, 20230201020701, 20230201021703
01, 73853834144, 20230324200205, 20230324203053
01, 71940324116, 20230209213649, 20230209222020
02, 78264536928, 20230327225342, 20230327233614
01, 73183773260, 20230112031824, 20230112041406
02, 78537752983, 20230306042634, 20230306044021
01, 72684540570, 20230303101200, 20230303102625
02, 76353102782, 20230331063823, 20230331073715
02, 72736605454, 20230312145838, 20230312155033
02, 79304907980, 20230122002258, 20230122004322
02, 78040686407, 20230202033136, 20230202041718
02, 74050863719, 20230321205040, 20230321210910
01, 79304907980, 20230108175750, 20230108182804
01, 77461897683, 20230226080714, 20230226084912
01, 78504216740, 20230314183621, 20230314184430
02, 72684540570, 20230304092005, 20230304092218
02, 76910432614, 20230101010708, 20230101013946
02, 79339874408, 20230219150718, 20230219151035
02, 78504216740, 20230328051142, 20230328053822
02, 79510695655, 20230206093356, 20230206102531
01, 73183773260, 20230325083055, 20230325092625
01, 76037393108, 20230123041520, 20230123041906
01, 78523494915, 20230412084148, 20230412091511
01, 74192927103, 20230222004328, 20230222011850
02, 76440570182, 20230207165651, 20230207172612
01, 73708833607, 20230323114444, 20230323114720
01, 76826167792, 20230422102716, 20230422104755
02, 78174417406, 20230105182120, 20230105183454
02, 77785647450, 20230204235533, 20230205001853
02, 72338880219, 20230321224636, 20230321231333
02, 79960349519, 20230404072731, 20230404073606
02, 72338880219, 20230105122322, 20230105123938
01, 72621955726, 20230406180744, 20230406185559
02, 73708833607, 20230305203230, 20230305210238
02, 78329984352, 20230324061846, 20230324065324
02, 74502078369, 20230103140017, 20230103144817
02, 76234390706, 20230121021027, 20230121023022
02, 74050863719, 20230405090135, 20230405094215
01, 77124610390, 20230323093911, 20230323100636
01, 77461897683, 20230421053849, 20230421060924
01, 71485499606, 20230315014238, 20230315021202
02, 77860304173, 20230205010645, 20230205012131
01, 71300447516, 20230423212859, 20230423220156
02, 79304907980, 20230315013308, 20230315013548
02, 78523494915, 20230313161017, 20230313165536
01, 78040686407, 20230208022218, 20230208030316
02, 77496708358, 20230321010621, 20230321013059
01, 71809078544, 20230301213121, 20230301222232
02, 72263062704, 20230413123021, 20230413125009
01, 77860304173, 20230319163532, 20230319170038
02, 72356082807, 20230205131548, 20230205135008
01, 74502078369, 20230407202540, 20230407203208
02, 73952676122, 20230108181052, 20230108190853
02, 72264618382, 20230202094927, 20230202095115
02, 77433639816, 20230402052227, 20230402054923
02, 77461897683, 20230417193126, 20230417194429
02, 71300447516, 20230411013556, 20230411022815
01, 78537752983, 20230104051213, 20230104051533
01, 78174417406, 20230124144206, 20230124151537
01, 76242727933, 20230116234636, 20230117000634
02, 71922665963, 20230103201121, 20230103210836
02, 78329984352, 20230225194151, 20230225202745
02, 78329984352, 20230316154740, 20230316164549
02, 79304907980, 20230401224656, 20230401234343
01, 73447138645, 20230325214013, 20230325214051
01, 76831114390, 20230122065550, 20230122073425
01, 78302690167, 20230109154803, 20230109155021
02, 75720354789, 20230315153918, 20230315161936
01, 77384905913, 20230402023156, 20230402024039
01, 75514485323, 20230221233305, 20230222000801
01, 74502078369, 20230228055600, 20230228065108
01, 73885072059, 20230309004346, 20230309013359
02, 73452190237, 20230122055516, 20230122064508
01, 73183773260, 20230328112840, 20230328122335
01, 77860304173, 20230103185233, 20230103193439
01, 71485499606, 20230201001959, 20230201003741
01, 70000000000, 20230413123331, 20230413125046
01, 74908814610, 20230209175939, 20230209183148
01, 76826167792, 20230108192150, 20230108195932
02, 77860304173, 20230122112113, 20230122121804
01, 77114562777, 20230402091118, 20230402092618
02, 79510695655, 20230409210811, 20230409220125
02, 79412012668, 20230330162542, 20230330171352
01, 71485499606, 20230115052030, 20230115052234
02, 77433639816, 20230116204704, 20230116214457
01, 79980459734, 20230325061729, 20230325062442
01, 77461897683, 20230404064414, 20230404065039
01, 75915437806, 20230327183532, 20230327191514
01, 75915437806, 20230220160017, 20230220162233
01, 78981752732, 20230320060910, 20230320070820
01, 75083259294, 20230102002738, 20230102011420
02, 78117604695, 20230102010914, 20230102013458
01, 75915437806, 20230406123116, 20230406125636
02, 73360413923, 20230116112648, 20230116120038
02, 79035137669, 20230319021607, 20230319030721
01, 77982243255, 20230314221103, 20230314223336
01, 76454599288, 20230126111056, 20230126114920
02, 72338880219, 20230325065152, 20230325072855
01, 74050863719, 20230323091603, 20230323095125
02, 74395955718, 20230129201007, 20230129201422
02, 72684540570, 20230219011710, 20230219020347
01, 77405005286, 20230321100125, 20230321102823
02, 73550627929, 20230129080358, 20230129083852
01, 78981752732, 20230113060229, 20230113062654
02, 76999961855, 20230320011117, 20230320013323
02, 72450581455, 20230206131637, 20230206132648
02, 71300447516, 20230103103146, 20230103103920
01, 75403223802, 20230124145242, 20230124150503
02, 78067561751, 20230413101057, 20230413104755
02, 73183773260, 20230307003246, 20230307005039
02, 71743378377, 20230118144202, 20230118152746
01, 76638974409, 20230116092112, 20230116094706
02, 71016854518, 20230123014756, 20230123015651
02, 78791909037, 20230325153425, 20230325155405
01, 72736605454, 20230210163316, 20230210172926
01, 79510695655, 20230109074104, 20230109083838
01, 77461897683, 20230228035408, 20230228044116
01, 71016854518, 20230108223006, 20230108230103
02, 76694968036, 20230210013000, 20230210014252
02, 75720354789, 20230315123914, 20230315130009
01, 78981752732, 20230317061929, 20230317063529
02, 77860304173, 20230124211329, 20230124215624
01, 77618301470, 20230109174417, 20230109175508
01, 73379846930, 20230303020032, 20230303025245
02, 77899130355, 20230306131457, 20230306132721
02, 74395955718, 20230108015015, 20230108022427
01, 74502078369, 20230108020330, 20230108021152
02, 75915437806, 20230102042358, 20230102045139
02, 77171116903, 20230325034731, 20230325041335
02, 72338880219, 20230402163748, 20230402171419
01, 78028632579, 20230325215724, 20230325222415
01, 79304907980, 20230323165223, 20230323174950
02, 77857315287, 20230331035458, 20230331041707
02, 73708833607, 20230106195421, 20230106201659
01, 74502078369, 20230314175846, 20230314181312
01, 77227509146, 20230308164256, 20230308170632
02, 78778115311, 20230330123405, 20230330131004
02, 73379846930, 20230212225241, 20230212231402
01, 73708833607, 20230130063103, 20230130071415
02, 76826167792, 20230319135147, 20230319144226
02, 72191894117, 20230208075818, 20230208083029
01, 77899130355, 20230319050707, 20230319053408
01, 79304907980, 20230212143510, 20230212152203
02, 79304907980, 20230406004857, 20230406013148
02, 76253172660, 20230330100635, 20230330110056
02, 74320645043, 20230107192729, 20230107202513
01, 74708379191, 20230328170537, 20230328174414
02, 73379846930, 20230402210258, 20230402210445
01, 70000000000, 20230209210848, 20230209214426
01, 78537752983, 20230107001446, 20230107001617
01, 71825735574, 20230126231756, 20230127001717
01, 77496708358, 20230313045030, 20230313054153
01, 70000000000, 20230402004306, 20230402012628
01, 75043086062, 20230127150137, 20230127155939
02, 73183773260, 20230111103900, 20230111111850
01, 73708833607, 20230313172654, 20230313175642
01, 74952641858, 20230404121019, 20230404123021
01, 73298590177, 20230224091735, 20230224094627
02, 76723580019, 20230209203343, 20230209212611
01, 79510695655, 20230117115450, 20230117115758
02, 75720354789, 20230313144615, 20230313153737
02, 77433639816, 20230124112225, 20230124113554
01, 79712711370, 20230218191028, 20230218200420
02, 74467109863, 20230404121347, 20230404124420
01, 74952641858, 20230222075438, 20230222081758
02, 71489042934, 20230109221702, 20230109225252
02, 78040686407, 20230403223151, 20230403231736
02, 75452954707, 20230110064121, 20230110065354
01, 78040686407, 20230209215047, 20230209225033
02, 74952641858, 20230219203236, 20230219211301
01, 76694968036, 20230403011542, 20230403012827
01, 71743378377, 20230307030324, 20230307030416
01, 73447138645, 20230130083055, 20230130090814
01, 76826167792, 20230331145546, 20230331150748
01, 75720354789, 20230219042126, 20230219042250
02, 78329984352, 20230112130209, 20230112134656
01, 78117604695, 20230218073354, 20230218075847
01, 78329984352, 20230418103232, 20230418112256
02, 78329984352, 20230318045505, 20230318052532
01, 76638974409, 20230312184956, 20230312185254
02, 70000000000, 20230125131147, 20230125140757
02, 77450567047, 20230118034517, 20230118040340
01, 78523494915, 20230209063848, 20230209073017
02, 72976204843, 20230417055035, 20230417055917
02, 74952641858, 20230422082138, 20230422091656
01, 72883940921, 20230129215623, 20230129221518
01, 74468131714, 20230305165326, 20230305170355
02, 72338880219, 20230305235911, 20230306000349
01, 73708833607, 20230309031655, 20230309041102
02, 72684540570, 20230114072046, 20230114072621
02, 74621857395, 20230312153200, 20230312162908
02, 77433639816, 20230114225230, 20230114233443
01, 73183773260, 20230228001302, 20230228005153
02, 79482184513, 20230212125119, 20230212131356
01, 71489042934, 20230405202428, 20230405204403
01, 77860304173, 20230420071201, 20230420080854
01, 71489042934, 20230115091517, 20230115094558
01, 74952641858, 20230228074357, 20230228074508
02, 74217735259, 20230402190005, 20230402192703
02, 72690004893, 20230122124933, 20230122130658
01, 72450581455, 20230403114647, 20230403115511
01, 71055043065, 20230325115701, 20230325120945
02, 78067561751, 20230222035802, 20230222041815
01, 74395955718, 20230415074202, 20230415083749
01, 72684540570, 20230414013204, 20230414013905
02, 71802734549, 20230209171943, 20230209181050
02, 74395955718, 20230419182856, 20230419185222
01, 77007161611, 20230220052916, 20230220055346
01, 72976204843, 20230128125819, 20230128133002
02, 72643725782, 20230129161029, 20230129170630
01, 74363362520, 20230320034400, 20230320041715
02, 75083259294, 20230204180815, 20230204190643
01, 78329984352, 20230219212649, 20230219215606
01, 78248218634, 20230115234926, 20230116003516
02, 74502078369, 20230331175606, 20230331182345
02, 78822170793, 20230228032336, 20230228041627
02, 71802734549, 20230129032843, 20230129041440
02, 78821180649, 20230406120523, 20230406125131
01, 75524531932, 20230220104910, 20230220114355
02, 78523494915, 20230303134508, 20230303142519
01, 78537752983, 20230103033215, 20230103042518
02, 73881728063, 20230327094749, 20230327101626
01, 72338880219, 20230223175819, 20230223182914
02, 75608866304, 20230113190955, 20230113192532
02, 77899130355, 20230403095252, 20230403104611
01, 77873251133, 20230126014659, 20230126023127
01, 71485499606, 20230206140310, 20230206143942
01, 74159148882, 20230417041116, 20230417044608
02, 71270358076, 20230104162722, 20230104172423
02, 76638974409, 20230127201953, 20230127210340
02, 71230748058, 20230325041158, 20230325042619
01, 78791909037, 20230107074812, 20230107084640
01, 74126422924, 20230216225154, 20230216231850
01, 71485499606, 20230301232333, 20230301232551
01, 73708833607, 20230317153053, 20230317161020
02, 76749522170, 20230109222758, 20230109223555
02, 75720354789, 20230127041000, 20230127044957
01, 76130665887, 20230227082413, 20230227085835
01, 73708833607, 20230113035931, 20230113044653
01, 71939141593, 20230411163519, 20230411170222
02, 76148379252, 20230417172200, 20230417180108
01, 75489969597, 20230201162407, 20230201170540
02, 78329984352, 20230419051951, 20230419052548
01, 76826167792, 20230313203448, 20230313212336
02, 71485499606, 20230220151308, 20230220155502
01, 72736605454, 20230228234947, 20230301003514
02, 77461897683, 20230109145830, 20230109150222
01, 79715736249, 20230114204531, 20230114212746
01, 74468131714, 20230212203837, 20230212205708
01, 78537752983, 20230409221136, 20230409221458
02, 77860304173, 20230415212131, 20230415220908
02, 75043086062, 20230406050834, 20230406060028
02, 76474042569, 20230302115140, 20230302122757
01, 73447138645, 20230315171431, 20230315173836
02, 71485499606, 20230330042703, 20230330045252
01, 75720354789, 20230401092656, 20230401100423
02, 78537752983, 20230104023127, 20230104031948
02, 78537752983, 20230324223826, 20230324230335
02, 78981752732, 20230421170935, 20230421175643
01, 74502078369, 20230126155833, 20230126165311
01, 75248471094, 20230118105615, 20230118113955
02, 72736605454, 20230104225156, 20230104230438
02, 71016854518, 20230207080801, 20230207084445
01, 79969261474, 20230422024051, 20230422034015
02, 76560210191, 20230213121026, 20230213122757
02, 75043086062, 20230417195156, 20230417202014
01, 78329984352, 20230331093335, 20230331100506
02, 72450581455, 20230106032137, 20230106035442
02, 71703230584, 20230412232547, 20230413001931
02, 72888078407, 20230226053528, 20230226061803
02, 74502078369, 20230405100649, 20230405103930
02, 76638974409, 20230307132341, 20230307140127
02, 74050863719, 20230305031726, 20230305031753
02, 78259392555, 20230110120234, 20230110120830
02, 75608349167, 20230126162433, 20230126164052
01, 74114017358, 20230329160135, 20230329162246
02, 75248621992, 20230319225357, 20230319233943
02, 73183773260, 20230117180619, 20230117180718
01, 71110485647, 20230214085838, 20230214095238
02, 74155290440, 20230422032812, 20230422042049
02, 78117604695, 20230126183015, 20230126192954
02, 77860304173, 20230109105849, 20230109115817
01, 74952641858, 20230314204451, 20230314211737
02, 77461897683, 20230322091551, 20230322094306
02, 71300447516, 20230130124235, 20230130124848
01, 71489042934, 20230111184533, 20230111190340
02, 77171116903, 20230202003245, 20230202011658
01, 77433639816, 20230323210457, 20230323214201
02, 78040686407, 20230109081625, 20230109081655
02, 71802734549, 20230128141119, 20230128143528
02, 74155290440, 20230208075536, 20230208084034
01, 78888812146, 20230312194618, 20230312195204
02, 76879360746, 20230125233510, 20230126000147
01, 72976204843, 20230117104039, 20230117105146
01, 72976204843, 20230408053006, 20230408053746
02, 74155290440, 20230325202146, 20230325210546
01, 78624043366, 20230226150201, 20230226153321
02, 79140050399, 20230113135841, 20230113142437
02, 79510695655, 20230419185808, 20230419190914
01, 75915437806, 20230329112716, 20230329121044
02, 77461897683, 20230210133821, 20230210135131
02, 76694968036, 20230215180531, 20230215181158
02, 78504216740, 20230411045913, 20230411055003
01, 74395955718, 20230326172125, 20230326175213
02, 71489042934, 20230403075007, 20230403082340
01, 74233038205, 20230128202943, 20230128204148
02, 71802734549, 20230107085315, 20230107092653
02, 78174417406, 20230214110939, 20230214112219
02, 75842382041, 20230126090630, 20230126095154
02, 78523494915, 20230123170101, 20230123170735
01, 72684540570, 20230101184341, 20230101191046
02, 77461897683, 20230325105943, 20230325112636
01, 72338880219, 20230107202316, 20230107203534
01, 71485499606, 20230210085011, 20230210093234
01, 72684540570, 20230315153101, 20230315153123
02, 71802734549, 20230219161326, 20230219170325
01, 78537752983, 20230408003533, 20230408010209
02, 78981752732, 20230119101915, 20230119102615
02, 77433639816, 20230103203453, 20230103204932
02, 76694968036, 20230404193200, 20230404201323
01, 75979969232, 20230324015541, 20230324022302
02, 74740662610, 20230319090032, 20230319094247
02, 74031493325, 20230122013049, 20230122021028
01, 72684540570, 20230108110649, 20230108114009
02, 77496708358, 20230414103812, 20230414112124
01, 77433639816, 20230123052513, 20230123055752
01, 78547773104, 20230402012338, 20230402020457
01, 71489042934, 20230412051431, 20230412052509
02, 78791909037, 20230406102356, 20230406111220
02, 77597088470, 20230128100945, 20230128110146
02, 71743378377, 20230402005010, 20230402012733
02, 71802734549, 20230409034830, 20230409041431
01, 75036802601, 20230101025350, 20230101035100
02, 75885738787, 20230326062823, 20230326063228
02, 74155290440, 20230410050526, 20230410051548
02, 72736605454, 20230415153032, 20230415161329
01, 78040686407, 20230209223132, 20230209225310
02, 79304907980, 20230204173430, 20230204174647
01, 77461897683, 20230207140626, 20230207143326
02, 74895409474, 20230210053737, 20230210062109
01, 74952641858, 20230402233615, 20230403000904
02, 79304907980, 20230329113602, 20230329122333
01, 71427918650, 20230313133752, 20230313134446
02, 78016489439, 20230217220848, 20230217224936
01, 78040686407, 20230304165554, 20230304171429
01, 78174417406, 20230124145616, 20230124155346
02, 73447138645, 20230208083451, 20230208093036
01, 78329984352, 20230113111713, 20230113114654
02, 79304907980, 20230107214502, 20230107221147
02, 74155290440, 20230111185257, 20230111191805
01, 71489042934, 20230401151249, 20230401153029
01, 70000000000, 20230416102351, 20230416103136
02, 76694968036, 20230208000910, 20230208005525
02, 74192927103, 20230217034525, 20230217034909
01, 77901260303, 20230204031420, 20230204035330
02, 78067561751, 20230217032000, 20230217040905
02, 78117604695, 20230401201717, 20230401210315
02, 74952641858, 20230104233411, 20230104234608
02, 74975916646, 20230209084736, 20230209085301
02, 77171116903, 20230413024312, 20230413024718
01, 76638974409, 20230120164601, 20230120172035
02, 74468131714, 20230311042045, 20230311045134
02, 78981752732, 20230316014537, 20230316023248
01, 73853834144, 20230301144204, 20230301153800
02, 75524903743, 20230127184127, 20230127194000
02, 79197348337, 20230126141755, 20230126145205
02, 79510695655, 20230221215403, 20230221220359
02, 76694968036, 20230331192512, 20230331194252
01, 72986407914, 20230223195437, 20230223204614
02, 77093436716, 20230130234232, 20230131003959
01, 71489042934, 20230406192833, 20230406193210
02, 72871035941, 20230302070845, 20230302074703
01, 78791909037, 20230208102533, 20230208110029
02, 76964537450, 20230225233629, 20230226000851
02, 73142789910, 20230412051728, 20230412055021
01, 75403223802, 20230125061117, 20230125061723
02, 78067561751, 20230109145056, 20230109152246
02, 72450581455, 20230114110509, 20230114114803
02, 74192927103, 20230103085544, 20230103091318
01, 74689282195, 20230204033212, 20230204040810
01, 72338880219, 20230326141128, 20230326150241
01, 75990561298, 20230116134041, 20230116135903
02, 72976204843, 20230304062824, 20230304072316
02, 72555616719, 20230420055354, 20230420060459
02, 74155290440, 20230110034819, 20230110042322
02, 78537752983, 20230111094612, 20230111101000
01, 78537752983, 20230108045239, 20230108050755
02, 77772459287, 20230301122723, 20230301125744
02, 74155290440, 20230203070918, 20230203072133
01, 73853834144, 20230126162131, 20230126170353
02, 71802734549, 20230210104044, 20230210110513
02, 78555867902, 20230302094359, 20230302103256
01, 72684540570, 20230220011943, 20230220015054
02, 74050863719, 20230107002420, 20230107004015
01, 72736605454, 20230303235704, 20230304005614
01, 72450581455, 20230119032443, 20230119033134
01, 71980544572, 20230110142707, 20230110152249
01, 76940914382, 20230404230721, 20230404233530
02, 71485499606, 20230120142444, 20230120143505
01, 71485499606, 20230110211157, 20230110212606
01, 73447138645, 20230207004429, 20230207012639
01, 74395955718, 20230222115616, 20230222124735
02, 74952641858, 20230210025556, 20230210030532
02, 76148379252, 20230107103225, 20230107104852
01, 77949711011, 20230312012638, 20230312015112
01, 71743378377, 20230207003723, 20230207004423
01, 79510695655, 20230411012210, 20230411021912
01, 78762439512, 20230306030319, 20230306032741
02, 78067561751, 20230220131524, 20230220135232
01, 77461897683, 20230310142541, 20230310142659
01, 74952641858, 20230409184554, 20230409185336
02, 78537752983, 20230329195601, 20230329201011
01, 70000000000, 20230106043546, 20230106045305
01, 71016854518, 20230203182238, 20230203191321
01, 71489042934, 20230421195355, 20230421203625
02, 78117604695, 20230317142509, 20230317142553
01, 72207731656, 20230328062632, 20230328062746
01, 74502078369, 20230125172132, 20230125180222
02, 76826167792, 20230103011817, 20230103013445
02, 74276539839, 20230212061732, 20230212065439
02, 78537752983, 20230127224933, 20230127231343
02, 74502078369, 20230202174004, 20230202175557
02, 77899130355, 20230222113231, 20230222122943
02, 75749454988, 20230102091412, 20230102095954
01, 78675502875, 20230317151636, 20230317154338
02, 76857629087, 20230308074126, 20230308080309
02, 78882452529, 20230203070012, 20230203074827
02, 75495140217, 20230210150616, 20230210153211
02, 74583014252, 20230101080930, 20230101090359
02, 72736605454, 20230405162031, 20230405170738
02, 71485499606, 20230422050429, 20230422051045
02, 77860304173, 20230203151219, 20230203152916
01, 73183773260, 20230409040456, 20230409042006
01, 75720354789, 20230204232204, 20230204235702
