01, 74395955718, 20230310220753, 20230310224717, PT39M24S, 03
02, 75403223802, 20230116092437, 20230116093143, PT7M6S, 11
02, 79304907980, 20230418145802, 20230418152655, PT28M53S, 03
01, 78523494915, 20230308222941, 20230308232339, PT53M58S, 06
02, 76694968036, 20230307132735, 20230307133404, PT6M29S, 03
02, 71300447516, 20230307092223, 20230307100142, PT39M19S, 06
01, 79304907980, 20230214142236, 20230214143001, PT7M25S, 03
01, 76826167792, 20230221234151, 20230222000042, PT18M51S, 06
01, 75915437806, 20230311070433, 20230311075231, PT47M58S, 06
01, 78537752983, 20230415200435, 20230415205229, PT47M54S, 03
02, 70000000000, 20230323164734, 20230323172202, PT34M28S, 06
01, 73183773260, 20230306225716, 20230306230335, PT6M19S, 06
01, 78329984352, 20230321094347, 20230321103922, PT55M35S, 11
02, 74395955718, 20230225150325, 20230225152016, PT16M51S, 03
01, 74192927103, 20230419215947, 20230419221531, PT15M44S, 03
02, 74395955718, 20230312144317, 20230312151623, PT33M6S, 03
01, 72976204843, 20230106211731, 20230106220108, PT43M37S, 11
01, 72976204843, 20230411224820, 20230411231213, PT23M53S, 11
02, 78329984352, 20230208012200, 20230208020049, PT38M49S, 11
02, 73447138645, 20230213012344, 20230213015033, PT26M49S, 03
01, 73379846930, 20230115055543, 20230115065229, PT56M46S, 03
02, 79304907980, 20230202194037, 20230202203056, PT50M19S, 03
01, 77171116903, 20230331060740, 20230331061532, PT7M52S, 06
02, 77860304173, 20230416164318, 20230416172528, PT42M10S, 03
02, 75083259294, 20230205164056, 20230205165008, PT9M12S, 03
02, 74395955718, 20230221160357, 20230221163542, PT31M45S, 03
02, 73708833607, 20230112163644, 20230112164440, PT7M56S, 11
02, 75083259294, 20230127195405, 20230127205339, PT59M34S, 03
01, 72736605454, 20230330050621, 20230330055751, PT51M30S, 11
02, 73853834144, 20230105175617, 20230105185329, PT57M12S, 03
01, 75043086062, 20230217073739, 20230217080415, PT26M36S, 06
02, 74155290440, 20230410090520, 20230410094111, PT35M51S, 06
01, 71300447516, 20230215045633, 20230215054056, PT44M23S, 06
02, 73708833607, 20230121112233, 20230121122116, PT58M43S, 11
01, 78329984352, 20230303143634, 20230303145733, PT20M59S, 11
02, 78040686407, 20230227194219, 20230227195729, PT15M10S, 06
01, 78504216740, 20230409212600, 20230409220046, PT34M46S, 11
01, 77860304173, 20230310161400, 20230310164507, PT31M7S, 03
01, 74155290440, 20230319170520, 20230319173444, PT29M24S, 06
02, 78067561751, 20230115175059, 20230115181551, PT24M52S, 03
02, 71300447516, 20230225025148, 20230225032406, PT32M18S, 06
01, 78040686407, 20230208160339, 20230208163126, PT27M47S, 06
02, 75915437806, 20230328111643, 20230328112527, PT8M44S, 06
02, 73379846930, 20230331230627, 20230331230710, PT43S, 03
01, 78040686407, 20230417024436, 20230417031959, PT35M23S, 06
02, 78117604695, 20230129034741, 20230129040703, PT19M22S, 06
01, 72976204843, 20230324003055, 20230324010955, PT39M, 11
01, 74952641858, 20230213202422, 20230213205150, PT27M28S, 03
02, 72450581455, 20230227011532, 20230227013514, PT19M42S, 03
01, 78537752983, 20230322174728, 20230322175745, PT10M17S, 03
01, 74395955718, 20230130035324, 20230130042152, PT28M28S, 03
02, 74050863719, 20230329074034, 20230329082617, PT45M43S, 11
02, 78523494915, 20230117092913, 20230117094036, PT11M23S, 06
01, 71802734549, 20230124163608, 20230124171214, PT36M6S, 11
02, 71489042934, 20230331215742, 20230331225225, PT54M43S, 06
02, 76826167792, 20230402090910, 20230402093829, PT29M19S, 06
01, 77433639816, 20230317124439, 20230317131528, PT30M49S, 06
02, 78504216740, 20230302234552, 20230303001652, PT31M, 11
02, 77171116903, 20230407130420, 20230407140324, PT59M4S, 06
01, 76638974409, 20230304225345, 20230304230517, PT11M32S, 11
02, 70000000000, 20230222061115, 20230222064050, PT29M35S, 06
02, 73708833607, 20230327130023, 20230327133555, PT35M32S, 11
02, 75915437806, 20230401032732, 20230401033251, PT5M19S, 06
01, 77860304173, 20230109133307, 20230109134700, PT13M53S, 03
01, 77899130355, 20230128193837, 20230128200533, PT26M56S, 03
02, 77496708358, 20230210195256, 20230210205015, PT57M19S, 11
01, 76826167792, 20230206094802, 20230206102134, PT33M32S, 06
01, 78174417406, 20230215054759, 20230215061503, PT27M4S, 03
02, 72450581455, 20230310080759, 20230310084016, PT32M17S, 03
02, 71016854518, 20230411220332, 20230411221527, PT11M55S, 06
01, 72450581455, 20230219081903, 20230219082013, PT1M10S, 03
02, 74192927103, 20230313172922, 20230313173421, PT4M59S, 03
01, 71485499606, 20230207111013, 20230207114718, PT37M5S, 11
02, 71300447516, 20230212072204, 20230212074310, PT21M6S, 06
02, 71485499606, 20230413161932, 20230413171739, PT58M7S, 11
02, 78504216740, 20230213220313, 20230213221634, PT13M21S, 11
01, 79510695655, 20230111140400, 20230111143834, PT34M34S, 11
02, 72338880219, 20230320112429, 20230320115658, PT32M29S, 06
02, 76638974409, 20230327134216, 20230327140615, PT23M59S, 11
02, 72450581455, 20230401212335, 20230401221640, PT53M5S, 03
01, 75083259294, 20230317221720, 20230317223801, PT20M41S, 03
02, 78981752732, 20230110013749, 20230110022715, PT49M26S, 03
02, 73379846930, 20230323220743, 20230323221350, PT6M7S, 03
02, 78523494915, 20230122044854, 20230122044855, PT1S, 06
02, 74155290440, 20230320055750, 20230320062404, PT26M14S, 06
02, 71802734549, 20230217170017, 20230217175456, PT54M39S, 11
01, 77496708358, 20230307152034, 20230307161510, PT54M36S, 11
01, 78504216740, 20230223081938, 20230223083037, PT10M59S, 11
01, 77171116903, 20230318042644, 20230318044010, PT13M26S, 06
01, 77461897683, 20230306064435, 20230306071755, PT33M20S, 06
01, 71802734549, 20230305073452, 20230305075514, PT20M22S, 11
01, 72684540570, 20230401043527, 20230401045537, PT20M10S, 06
01, 74050863719, 20230216142529, 20230216150629, PT41M, 11
01, 77899130355, 20230308151556, 20230308152719, PT11M23S, 03
01, 78981752732, 20230208093716, 20230208094622, PT9M6S, 03
02, 71016854518, 20230212010157, 20230212014820, PT46M23S, 06
01, 71743378377, 20230227024341, 20230227024838, PT4M57S, 03
01, 74050863719, 20230223064349, 20230223065401, PT10M12S, 11
01, 73183773260, 20230404070254, 20230404080156, PT59M2S, 06
02, 78504216740, 20230407171711, 20230407173533, PT18M22S, 11
01, 78537752983, 20230204054524, 20230204063611, PT50M47S, 03
01, 71485499606, 20230328183310, 20230328192959, PT56M49S, 11
02, 74155290440, 20230324062914, 20230324072840, PT59M26S, 06
01, 75915437806, 20230211152202, 20230211155548, PT33M46S, 06
01, 72338880219, 20230224073544, 20230224080121, PT25M37S, 06
02, 71743378377, 20230315064110, 20230315071559, PT34M49S, 03
01, 77171116903, 20230216182616, 20230216183448, PT8M32S, 06
02, 74468131714, 20230316073700, 20230316080620, PT29M20S, 03
01, 70000000000, 20230208222336, 20230208231527, PT51M51S, 06
02, 75403223802, 20230209081106, 20230209084723, PT36M17S, 11
02, 75915437806, 20230113015253, 20230113022005, PT27M12S, 06
02, 72736605454, 20230220081113, 20230220082751, PT16M38S, 11
02, 73447138645, 20230107114040, 20230107120309, PT22M29S, 03
01, 76826167792, 20230422190406, 20230422190844, PT4M38S, 06
01, 78504216740, 20230201130017, 20230201132323, PT23M6S, 11
02, 71802734549, 20230109130949, 20230109133216, PT22M27S, 11
01, 74395955718, 20230414034724, 20230414041627, PT29M3S, 03
01, 72976204843, 20230313185946, 20230313190750, PT8M4S, 11
02, 71300447516, 20230217040652, 20230217043743, PT30M51S, 06
01, 77433639816, 20230215173849, 20230215174952, PT11M3S, 06
02, 77171116903, 20230119093351, 20230119101702, PT43M11S, 06
02, 75720354789, 20230405050127, 20230405050641, PT5M14S, 06
01, 74468131714, 20230407023518, 20230407025140, PT16M22S, 03
02, 75083259294, 20230204141732, 20230204151113, PT53M41S, 03
01, 73447138645, 20230302172415, 20230302175418, PT30M3S, 03
02, 78329984352, 20230104193217, 20230104193841, PT6M24S, 11
01, 74155290440, 20230128180347, 20230128185231, PT48M44S, 06
02, 76148379252, 20230227211606, 20230227221308, PT57M2S, 06
02, 78504216740, 20230112214030, 20230112221051, PT30M21S, 11
01, 75043086062, 20230411004239, 20230411011724, PT34M45S, 06
02, 71802734549, 20230404082542, 20230404083703, PT11M21S, 11
02, 73708833607, 20230224120330, 20230224124622, PT42M52S, 11
02, 70000000000, 20230130134239, 20230130143124, PT48M45S, 06
01, 72976204843, 20230417062923, 20230417071355, PT44M32S, 11
01, 75915437806, 20230403062436, 20230403065622, PT31M46S, 06
01, 71489042934, 20230331212754, 20230331213442, PT6M48S, 06
02, 74395955718, 20230327062454, 20230327062904, PT4M10S, 03
02, 78981752732, 20230122154804, 20230122154815, PT11S, 03
01, 72736605454, 20230203170109, 20230203172149, PT20M40S, 11
01, 74468131714, 20230303034129, 20230303035920, PT17M51S, 03
02, 75915437806, 20230221050731, 20230221055521, PT47M50S, 06
01, 73183773260, 20230307042410, 20230307050204, PT37M54S, 06
02, 75083259294, 20230224011549, 20230224012253, PT7M4S, 03
02, 74395955718, 20230410230516, 20230410230710, PT1M54S, 03
02, 77860304173, 20230314042904, 20230314044201, PT12M57S, 03
02, 76694968036, 20230405092840, 20230405102240, PT54M, 03
02, 78329984352, 20230216111132, 20230216112953, PT18M21S, 11
01, 75915437806, 20230409023528, 20230409032356, PT48M28S, 06
01, 77171116903, 20230103111019, 20230103114834, PT38M15S, 06
01, 71489042934, 20230403172932, 20230403174539, PT16M7S, 06
01, 72338880219, 20230404124437, 20230404134218, PT57M41S, 06
02, 71489042934, 20230306040730, 20230306044621, PT38M51S, 06
02, 72450581455, 20230226084234, 20230226092819, PT45M45S, 03
02, 77461897683, 20230108143159, 20230108144917, PT17M18S, 06
01, 78504216740, 20230118060850, 20230118062019, PT11M29S, 11
02, 77171116903, 20230104031104, 20230104031106, PT2S, 06
01, 73708833607, 20230307032742, 20230307035258, PT25M16S, 11
01, 78117604695, 20230210103059, 20230210111143, PT40M44S, 06
01, 73447138645, 20230103094201, 20230103095835, PT16M34S, 03
02, 74155290440, 20230108072742, 20230108081032, PT42M50S, 06
02, 78067561751, 20230422225611, 20230422231425, PT18M14S, 03
02, 79510695655, 20230418042349, 20230418050535, PT41M46S, 11
01, 71743378377, 20230209141254, 20230209144721, PT34M27S, 03
02, 72450581455, 20230319130901, 20230319133457, PT25M56S, 03
01, 71485499606, 20230312010752, 20230312020215, PT54M23S, 11
01, 74395955718, 20230129000858, 20230129004111, PT32M13S, 03
01, 74192927103, 20230326053707, 20230326054917, PT12M10S, 03
01, 75403223802, 20230206205530, 20230206212818, PT32M48S, 11
01, 74192927103, 20230114150544, 20230114155134, PT45M50S, 03
01, 72976204843, 20230220211243, 20230220212447, PT12M4S, 11
01, 74395955718, 20230226060345, 20230226062655, PT23M10S, 03
02, 70000000000, 20230301152124, 20230301153319, PT11M55S, 06
01, 77461897683, 20230310225456, 20230310233806, PT43M10S, 06
02, 71485499606, 20230319232439, 20230320000916, PT44M37S, 11
01, 72976204843, 20230125081106, 20230125085805, PT46M59S, 11
01, 78537752983, 20230325221040, 20230325222646, PT16M6S, 03
02, 77171116903, 20230403162608, 20230403162945, PT3M37S, 06
01, 78117604695, 20230117080351, 20230117082357, PT20M6S, 06
02, 74468131714, 20230411015730, 20230411020610, PT8M40S, 03
01, 73447138645, 20230303003229, 20230303010417, PT31M48S, 03
01, 78504216740, 20230222202659, 20230222211346, PT46M47S, 11
02, 78791909037, 20230319180444, 20230319184437, PT39M53S, 03
02, 71802734549, 20230226150808, 20230226155818, PT50M10S, 11
02, 75083259294, 20230416164407, 20230416172940, PT45M33S, 03
01, 72684540570, 20230116144530, 20230116150441, PT19M11S, 06
02, 78329984352, 20230319080807, 20230319080929, PT1M22S, 11
02, 71016854518, 20230406160057, 20230406161135, PT10M38S, 06
02, 74468131714, 20230112211644, 20230112221615, PT59M31S, 03
01, 77171116903, 20230130145043, 20230130153448, PT44M5S, 06
02, 78537752983, 20230331073659, 20230331081334, PT36M35S, 03
01, 71489042934, 20230129000932, 20230129002834, PT19M2S, 06
01, 73708833607, 20230210020716, 20230210025055, PT43M39S, 11
01, 70000000000, 20230419004237, 20230419010358, PT21M21S, 06
01, 72450581455, 20230125120712, 20230125121302, PT5M50S, 03
02, 77496708358, 20230411112549, 20230411122259, PT57M10S, 11
01, 77433639816, 20230207083349, 20230207091634, PT42M45S, 06
02, 75720354789, 20230218041455, 20230218044511, PT30M16S, 06
02, 73379846930, 20230228191156, 20230228193343, PT21M47S, 03
02, 72450581455, 20230104031605, 20230104031710, PT1M5S, 03
01, 77171116903, 20230216225853, 20230216232959, PT31M6S, 06
02, 71489042934, 20230107231335, 20230107234214, PT28M39S, 06
01, 72450581455, 20230220152243, 20230220152445, PT2M2S, 03
01, 79510695655, 20230410134812, 20230410140841, PT20M29S, 11
01, 75083259294, 20230127151222, 20230127152614, PT13M52S, 03
01, 78981752732, 20230320092037, 20230320094903, PT28M26S, 03
01, 77461897683, 20230116125642, 20230116132216, PT25M34S, 06
02, 75720354789, 20230408112846, 20230408112930, PT44S, 06
01, 75403223802, 20230228122711, 20230228131614, PT49M3S, 11
01, 77860304173, 20230308054946, 20230308060250, PT13M4S, 03
01, 74395955718, 20230115023659, 20230115023952, PT2M53S, 03
01, 78040686407, 20230416000326, 20230416001239, PT9M13S, 06
01, 71016854518, 20230109202410, 20230109212226, PT58M16S, 06
02, 79304907980, 20230331224535, 20230331232648, PT41M13S, 03
02, 75720354789, 20230105231353, 20230105232943, PT15M50S, 06
02, 78067561751, 20230403183451, 20230403190510, PT30M19S, 03
02, 77496708358, 20230114014911, 20230114022737, PT38M26S, 11
02, 72338880219, 20230303032358, 20230303041037, PT46M39S, 06
01, 70000000000, 20230421084956, 20230421093740, PT47M44S, 06
02, 72684540570, 20230127004705, 20230127010058, PT13M53S, 06
02, 72684540570, 20230219191925, 20230219193713, PT17M48S, 06
02, 76694968036, 20230330131356, 20230330134359, PT30M3S, 03
02, 78523494915, 20230112102509, 20230112105639, PT31M30S, 06
02, 77860304173, 20230202221854, 20230202231702, PT58M8S, 03
01, 76148379252, 20230302063943, 20230302070306, PT23M23S, 06
02, 74952641858, 20230330003901, 20230330012504, PT46M3S, 03
01, 78504216740, 20230203011119, 20230203011945, PT8M26S, 11
01, 72338880219, 20230410213639, 20230410215559, PT19M20S, 06
02, 77860304173, 20230221201854, 20230221203903, PT20M9S, 03
01, 77433639816, 20230122170845, 20230122175140, PT42M55S, 06
02, 74502078369, 20230216172606, 20230216175247, PT26M41S, 03
02, 78067561751, 20230223182253, 20230223191547, PT52M54S, 03
01, 72684540570, 20230304210407, 20230304211533, PT11M26S, 06
01, 78504216740, 20230218043803, 20230218050515, PT27M12S, 11
01, 73379846930, 20230104160100, 20230104160524, PT4M24S, 03
02, 74395955718, 20230224023009, 20230224023200, PT1M51S, 03
02, 73379846930, 20230416020348, 20230416021821, PT14M33S, 03
02, 73708833607, 20230205235249, 20230206003940, PT46M51S, 11
02, 72976204843, 20230312203119, 20230312205034, PT19M15S, 11
02, 78174417406, 20230402014128, 20230402022401, PT42M33S, 03
02, 73853834144, 20230126151714, 20230126161632, PT59M18S, 03
02, 74155290440, 20230105171922, 20230105172819, PT8M57S, 06
01, 73708833607, 20230204200309, 20230204203914, PT36M5S, 11
01, 72450581455, 20230114164218, 20230114171128, PT29M10S, 03
01, 77860304173, 20230410122853, 20230410130821, PT39M28S, 03
01, 71489042934, 20230304163051, 20230304170556, PT35M5S, 06
02, 72338880219, 20230219124646, 20230219134533, PT58M47S, 06
01, 79304907980, 20230202075207, 20230202075240, PT33S, 03
01, 73447138645, 20230408114410, 20230408120916, PT25M6S, 03
01, 76826167792, 20230223181131, 20230223185029, PT38M58S, 06
01, 72684540570, 20230410194035, 20230410203728, PT56M53S, 06
01, 70000000000, 20230312082236, 20230312084735, PT24M59S, 06
02, 77171116903, 20230109041017, 20230109042102, PT10M45S, 06
01, 71300447516, 20230102152152, 20230102154416, PT22M24S, 06
02, 75403223802, 20230114120423, 20230114124316, PT38M53S, 11
01, 76638974409, 20230422151018, 20230422152802, PT17M44S, 11
01, 75915437806, 20230204032539, 20230204034216, PT16M37S, 06
02, 76694968036, 20230413122255, 20230413125455, PT32M, 03
01, 74502078369, 20230222081510, 20230222084325, PT28M15S, 03
02, 74192927103, 20230218173204, 20230218174945, PT17M41S, 03
02, 71743378377, 20230223211944, 20230223212604, PT6M20S, 03
02, 76148379252, 20230130102319, 20230130102354, PT35S, 06
02, 78504216740, 20230420150622, 20230420151108, PT4M46S, 11
02, 75915437806, 20230113013057, 20230113015534, PT24M37S, 06
02, 78067561751, 20230319202557, 20230319203453, PT8M56S, 03
02, 77461897683, 20230327033945, 20230327040357, PT24M12S, 06
02, 79510695655, 20230320184124, 20230320184828, PT7M4S, 11
01, 73447138645, 20230220185717, 20230220190832, PT11M15S, 03
01, 78537752983, 20230105100441, 20230105105746, PT53M5S, 03
01, 72450581455, 20230314010635, 20230314015650, PT50M15S, 03
01, 71802734549, 20230109101938, 20230109110357, PT44M19S, 11
02, 77496708358, 20230301054528, 20230301062631, PT41M3S, 11
01, 78504216740, 20230415125859, 20230415135518, PT56M19S, 11
02, 73379846930, 20230414202707, 20230414210517, PT38M10S, 03
01, 78537752983, 20230415234338, 20230416000426, PT20M48S, 03
02, 71743378377, 20230409083248, 20230409090603, PT33M15S, 03
02, 72976204843, 20230111100645, 20230111104043, PT33M58S, 11
01, 71743378377, 20230222014818, 20230222021356, PT25M38S, 03
02, 71485499606, 20230217130124, 20230217132536, PT24M12S, 11
02, 78174417406, 20230117005301, 20230117012748, PT34M47S, 03
02, 78791909037, 20230410134505, 20230410141249, PT27M44S, 03
01, 78537752983, 20230306084327, 20230306091201, PT28M34S, 03
01, 73379846930, 20230204075908, 20230204084836, PT49M28S, 03
02, 72684540570, 20230105165307, 20230105173306, PT39M59S, 06
01, 78791909037, 20230215215452, 20230215224105, PT46M13S, 03
01, 71489042934, 20230408131228, 20230408133927, PT26M59S, 06
01, 79510695655, 20230423052156, 20230423060618, PT44M22S, 11
02, 74192927103, 20230127201141, 20230127203932, PT27M51S, 03
01, 73853834144, 20230329172432, 20230329180501, PT40M29S, 03
01, 75403223802, 20230228002602, 20230228004324, PT17M22S, 11
01, 74155290440, 20230115114931, 20230115121136, PT22M5S, 06
02, 71802734549, 20230220122658, 20230220132030, PT53M32S, 11
02, 77461897683, 20230306233619, 20230307000105, PT24M46S, 06
02, 72338880219, 20230204114326, 20230204124207, PT58M41S, 06
01, 72450581455, 20230131200806, 20230131202418, PT16M12S, 03
01, 76148379252, 20230214113241, 20230214115049, PT18M8S, 06
01, 78040686407, 20230225000345, 20230225001447, PT11M2S, 06
01, 78523494915, 20230319165215, 20230319170048, PT8M33S, 06
02, 72684540570, 20230326161028, 20230326162230, PT12M2S, 06
02, 78067561751, 20230417203132, 20230417212757, PT56M25S, 03
02, 78523494915, 20230126123345, 20230126124156, PT8M11S, 06
01, 74395955718, 20230311152340, 20230311161853, PT55M13S, 03
02, 77461897683, 20230205175958, 20230205183800, PT38M2S, 06
02, 72736605454, 20230304191357, 20230304200724, PT53M27S, 11
02, 78067561751, 20230112012918, 20230112021938, PT50M20S, 03
01, 74502078369, 20230127093516, 20230127094716, PT12M, 03
01, 71016854518, 20230214005908, 20230214005918, PT10S, 06
01, 73379846930, 20230123064625, 20230123071738, PT31M13S, 03
02, 74468131714, 20230403014209, 20230403015304, PT10M55S, 03
01, 73708833607, 20230227080800, 20230227083255, PT24M55S, 11
01, 73708833607, 20230416000201, 20230416003128, PT29M27S, 11
02, 77899130355, 20230212090053, 20230212091836, PT17M43S, 03
02, 75403223802, 20230223152050, 20230223160453, PT44M3S, 11
01, 76826167792, 20230407140004, 20230407144336, PT43M32S, 06
01, 72976204843, 20230421214124, 20230421223644, PT55M20S, 11
02, 76694968036, 20230125072611, 20230125080952, PT43M41S, 03
02, 78523494915, 20230324233520, 20230325000326, PT28M6S, 06
02, 74468131714, 20230125132242, 20230125135905, PT36M23S, 03
01, 75083259294, 20230101200139, 20230101205909, PT57M30S, 03
02, 75083259294, 20230317104233, 20230317113915, PT56M42S, 03
01, 76148379252, 20230220134123, 20230220142629, PT45M6S, 06
01, 78329984352, 20230115094620, 20230115095645, PT10M25S, 11
01, 71300447516, 20230218053301, 20230218060905, PT36M4S, 06
02, 72976204843, 20230415112758, 20230415113303, PT5M5S, 11
01, 72450581455, 20230304221048, 20230304222352, PT13M4S, 03
02, 76826167792, 20230413091746, 20230413094712, PT29M26S, 06
02, 77899130355, 20230217164145, 20230217170239, PT20M54S, 03
01, 72684540570, 20230325223913, 20230325224555, PT6M42S, 06
02, 77171116903, 20230319024323, 20230319032455, PT41M32S, 06
01, 79510695655, 20230124130525, 20230124131216, PT6M51S, 11
01, 75403223802, 20230124202707, 20230124205923, PT32M16S, 11
02, 78040686407, 20230216000828, 20230216002655, PT18M27S, 06
01, 76694968036, 20230116034252, 20230116044039, PT57M47S, 03
02, 78040686407, 20230110101121, 20230110105621, PT45M, 06
02, 74502078369, 20230406095421, 20230406102213, PT27M52S, 03
02, 73183773260, 20230102100327, 20230102104945, PT46M18S, 06
01, 71489042934, 20230322074056, 20230322080752, PT26M56S, 06
01, 71489042934, 20230114123656, 20230114132238, PT45M42S, 06
01, 78040686407, 20230213015323, 20230213023854, PT45M31S, 06
01, 78791909037, 20230404040058, 20230404050025, PT59M27S, 03
02, 75083259294, 20230417030107, 20230417031221, PT11M14S, 03
01, 78040686407, 20230223075818, 20230223080330, PT5M12S, 06
02, 74502078369, 20230322110053, 20230322115408, PT53M15S, 03
01, 77496708358, 20230108162808, 20230108172432, PT56M24S, 11
02, 77171116903, 20230310122354, 20230310123905, PT15M11S, 06
02, 72736605454, 20230220215016, 20230220224125, PT51M9S, 11
02, 71802734549, 20230325131732, 20230325134418, PT26M46S, 11
02, 75915437806, 20230112091820, 20230112094150, PT23M30S, 06
02, 71300447516, 20230123140047, 20230123140719, PT6M32S, 06
01, 71489042934, 20230117205938, 20230117213626, PT36M48S, 06
01, 78537752983, 20230122183011, 20230122192010, PT49M59S, 03
01, 77899130355, 20230221050750, 20230221052230, PT14M40S, 03
01, 74502078369, 20230412133401, 20230412134928, PT15M27S, 03
02, 78174417406, 20230204214556, 20230204215457, PT9M1S, 03
01, 78523494915, 20230113204021, 20230113204852, PT8M31S, 06
02, 71802734549, 20230314153335, 20230314160457, PT31M22S, 11
02, 74192927103, 20230106153408, 20230106155759, PT23M51S, 03
02, 74502078369, 20230418141146, 20230418141504, PT3M18S, 03
02, 74050863719, 20230421191824, 20230421192434, PT6M10S, 11
02, 72450581455, 20230217212957, 20230217222317, PT53M20S, 03
01, 71016854518, 20230405071830, 20230405073250, PT14M20S, 06
02, 73708833607, 20230214223446, 20230214225027, PT15M41S, 11
02, 78504216740, 20230331020550, 20230331024811, PT42M21S, 11
01, 78791909037, 20230307142303, 20230307150215, PT39M12S, 03
01, 71300447516, 20230416232212, 20230417001847, PT56M35S, 06
01, 75083259294, 20230223211307, 20230223215329, PT40M22S, 03
02, 73183773260, 20230216110243, 20230216114313, PT40M30S, 06
01, 77461897683, 20230203035913, 20230203040203, PT2M50S, 06
01, 71016854518, 20230405171024, 20230405171750, PT7M26S, 06
02, 73447138645, 20230116092221, 20230116101725, PT55M4S, 03
01, 72736605454, 20230223180158, 20230223181945, PT17M47S, 11
01, 71489042934, 20230312104949, 20230312114839, PT58M50S, 06
01, 78523494915, 20230121123741, 20230121130341, PT26M, 06
01, 76826167792, 20230203211241, 20230203215424, PT41M43S, 06
02, 76694968036, 20230220081746, 20230220083929, PT21M43S, 03
01, 73853834144, 20230409135822, 20230409142138, PT23M16S, 03
02, 78040686407, 20230105104247, 20230105112253, PT40M6S, 06
02, 78504216740, 20230220013742, 20230220022347, PT46M5S, 11
02, 72976204843, 20230420114206, 20230420114500, PT2M54S, 11
01, 78117604695, 20230421055225, 20230421063910, PT46M45S, 06
01, 74502078369, 20230310214933, 20230310221728, PT27M55S, 03
02, 73379846930, 20230122022413, 20230122030343, PT39M30S, 03
02, 73853834144, 20230219235153, 20230220000725, PT15M32S, 03
01, 73447138645, 20230324023958, 20230324032501, PT45M3S, 03
02, 71016854518, 20230102054837, 20230102063919, PT50M42S, 06
01, 71016854518, 20230113195023, 20230113204240, PT52M17S, 06
02, 78537752983, 20230222204549, 20230222210648, PT20M59S, 03
01, 74155290440, 20230418101702, 20230418105310, PT36M8S, 06
01, 74952641858, 20230314045054, 20230314052125, PT30M31S, 03
02, 77899130355, 20230227212846, 20230227220026, PT31M40S, 03
02, 75043086062, 20230201020701, 20230201021703, PT10M2S, 06
01, 73853834144, 20230324200205, 20230324203053, PT28M48S, 03
01, 73183773260, 20230112031824, 20230112041406, PT55M42S, 06
02, 78537752983, 20230306042634, 20230306044021, PT13M47S, 03
01, 72684540570, 20230303101200, 20230303102625, PT14M25S, 06
02, 72736605454, 20230312145838, 20230312155033, PT51M55S, 11
02, 79304907980, 20230122002258, 20230122004322, PT20M24S, 03
02, 78040686407, 20230202033136, 20230202041718, PT45M42S, 06
02, 74050863719, 20230321205040, 20230321210910, PT18M30S, 11
01, 79304907980, 20230108175750, 20230108182804, PT30M14S, 03
01, 77461897683, 20230226080714, 20230226084912, PT41M58S, 06
01, 78504216740, 20230314183621, 20230314184430, PT8M9S, 11
02, 72684540570, 20230304092005, 20230304092218, PT2M13S, 06
02, 78504216740, 20230328051142, 20230328053822, PT26M40S, 11
02, 79510695655, 20230206093356, 20230206102531, PT51M35S, 11
01, 73183773260, 20230325083055, 20230325092625, PT55M30S, 06
01, 78523494915, 20230412084148, 20230412091511, PT33M23S, 06
01, 74192927103, 20230222004328, 20230222011850, PT35M22S, 03
01, 73708833607, 20230323114444, 20230323114720, PT2M36S, 11
01, 76826167792, 20230422102716, 20230422104755, PT20M39S, 06
02, 78174417406, 20230105182120, 20230105183454, PT13M34S, 03
02, 72338880219, 20230321224636, 20230321231333, PT26M57S, 06
02, 72338880219, 20230105122322, 20230105123938, PT16M16S, 06
02, 73708833607, 20230305203230, 20230305210238, PT30M8S, 11
02, 78329984352, 20230324061846, 20230324065324, PT34M38S, 11
02, 74502078369, 20230103140017, 20230103144817, PT48M, 03
02, 74050863719, 20230405090135, 20230405094215, PT40M40S, 11
01, 77461897683, 20230421053849, 20230421060924, PT30M35S, 06
01, 71485499606, 20230315014238, 20230315021202, PT29M24S, 11
02, 77860304173, 20230205010645, 20230205012131, PT14M46S, 03
01, 71300447516, 20230423212859, 20230423220156, PT32M57S, 06
02, 79304907980, 20230315013308, 20230315013548, PT2M40S, 03
02, 78523494915, 20230313161017, 20230313165536, PT45M19S, 06
01, 78040686407, 20230208022218, 20230208030316, PT40M58S, 06
02, 77496708358, 20230321010621, 20230321013059, PT24M38S, 11
01, 77860304173, 20230319163532, 20230319170038, PT25M6S, 03
01, 74502078369, 20230407202540, 20230407203208, PT6M28S, 03
02, 77433639816, 20230402052227, 20230402054923, PT26M56S, 06
02, 77461897683, 20230417193126, 20230417194429, PT13M3S, 06
02, 71300447516, 20230411013556, 20230411022815, PT52M19S, 06
01, 78537752983, 20230104051213, 20230104051533, PT3M20S, 03
01, 78174417406, 20230124144206, 20230124151537, PT33M31S, 03
02, 78329984352, 20230225194151, 20230225202745, PT45M54S, 11
02, 78329984352, 20230316154740, 20230316164549, PT58M9S, 11
02, 79304907980, 20230401224656, 20230401234343, PT56M47S, 03
01, 73447138645, 20230325214013, 20230325214051, PT38S, 03
02, 75720354789, 20230315153918, 20230315161936, PT40M18S, 06
01, 74502078369, 20230228055600, 20230228065108, PT55M8S, 03
01, 73183773260, 20230328112840, 20230328122335, PT54M55S, 06
01, 77860304173, 20230103185233, 20230103193439, PT42M6S, 03
01, 71485499606, 20230201001959, 20230201003741, PT17M42S, 11
01, 70000000000, 20230413123331, 20230413125046, PT17M15S, 06
01, 76826167792, 20230108192150, 20230108195932, PT37M42S, 06
02, 77860304173, 20230122112113, 20230122121804, PT56M51S, 03
02, 79510695655, 20230409210811, 20230409220125, PT53M14S, 11
01, 71485499606, 20230115052030, 20230115052234, PT2M4S, 11
02, 77433639816, 20230116204704, 20230116214457, PT57M53S, 06
01, 77461897683, 20230404064414, 20230404065039, PT6M25S, 06
01, 75915437806, 20230327183532, 20230327191514, PT39M42S, 06
01, 75915437806, 20230220160017, 20230220162233, PT22M16S, 06
01, 78981752732, 20230320060910, 20230320070820, PT59M10S, 03
01, 75083259294, 20230102002738, 20230102011420, PT46M42S, 03
02, 78117604695, 20230102010914, 20230102013458, PT25M44S, 06
01, 75915437806, 20230406123116, 20230406125636, PT25M20S, 06
02, 72338880219, 20230325065152, 20230325072855, PT37M3S, 06
01, 74050863719, 20230323091603, 20230323095125, PT35M22S, 11
02, 74395955718, 20230129201007, 20230129201422, PT4M15S, 03
02, 72684540570, 20230219011710, 20230219020347, PT46M37S, 06
01, 78981752732, 20230113060229, 20230113062654, PT24M25S, 03
02, 72450581455, 20230206131637, 20230206132648, PT10M11S, 03
02, 71300447516, 20230103103146, 20230103103920, PT7M34S, 06
01, 75403223802, 20230124145242, 20230124150503, PT12M21S, 11
02, 78067561751, 20230413101057, 20230413104755, PT36M58S, 03
02, 73183773260, 20230307003246, 20230307005039, PT17M53S, 06
02, 71743378377, 20230118144202, 20230118152746, PT45M44S, 03
01, 76638974409, 20230116092112, 20230116094706, PT25M54S, 11
02, 71016854518, 20230123014756, 20230123015651, PT8M55S, 06
02, 78791909037, 20230325153425, 20230325155405, PT19M40S, 03
01, 72736605454, 20230210163316, 20230210172926, PT56M10S, 11
01, 79510695655, 20230109074104, 20230109083838, PT57M34S, 11
01, 77461897683, 20230228035408, 20230228044116, PT47M8S, 06
01, 71016854518, 20230108223006, 20230108230103, PT30M57S, 06
02, 76694968036, 20230210013000, 20230210014252, PT12M52S, 03
02, 75720354789, 20230315123914, 20230315130009, PT20M55S, 06
01, 78981752732, 20230317061929, 20230317063529, PT16M, 03
02, 77860304173, 20230124211329, 20230124215624, PT42M55S, 03
01, 73379846930, 20230303020032, 20230303025245, PT52M13S, 03
02, 77899130355, 20230306131457, 20230306132721, PT12M24S, 03
02, 74395955718, 20230108015015, 20230108022427, PT34M12S, 03
01, 74502078369, 20230108020330, 20230108021152, PT8M22S, 03
02, 75915437806, 20230102042358, 20230102045139, PT27M41S, 06
02, 77171116903, 20230325034731, 20230325041335, PT26M4S, 06
02, 72338880219, 20230402163748, 20230402171419, PT36M31S, 06
01, 79304907980, 20230323165223, 20230323174950, PT57M27S, 03
02, 73708833607, 20230106195421, 20230106201659, PT22M38S, 11
01, 74502078369, 20230314175846, 20230314181312, PT14M26S, 03
02, 73379846930, 20230212225241, 20230212231402, PT21M21S, 03
01, 73708833607, 20230130063103, 20230130071415, PT43M12S, 11
02, 76826167792, 20230319135147, 20230319144226, PT50M39S, 06
01, 77899130355, 20230319050707, 20230319053408, PT27M1S, 03
01, 79304907980, 20230212143510, 20230212152203, PT46M53S, 03
02, 79304907980, 20230406004857, 20230406013148, PT42M51S, 03
02, 73379846930, 20230402210258, 20230402210445, PT1M47S, 03
01, 70000000000, 20230209210848, 20230209214426, PT35M38S, 06
01, 78537752983, 20230107001446, 20230107001617, PT1M31S, 03
01, 77496708358, 20230313045030, 20230313054153, PT51M23S, 11
01, 70000000000, 20230402004306, 20230402012628, PT43M22S, 06
01, 75043086062, 20230127150137, 20230127155939, PT58M2S, 06
02, 73183773260, 20230111103900, 20230111111850, PT39M50S, 06
01, 73708833607, 20230313172654, 20230313175642, PT29M48S, 11
01, 74952641858, 20230404121019, 20230404123021, PT20M2S, 03
01, 79510695655, 20230117115450, 20230117115758, PT3M8S, 11
02, 75720354789, 20230313144615, 20230313153737, PT51M22S, 06
02, 77433639816, 20230124112225, 20230124113554, PT13M29S, 06
01, 74952641858, 20230222075438, 20230222081758, PT23M20S, 03
02, 71489042934, 20230109221702, 20230109225252, PT35M50S, 06
02, 78040686407, 20230403223151, 20230403231736, PT45M45S, 06
01, 78040686407, 20230209215047, 20230209225033, PT59M46S, 06
02, 74952641858, 20230219203236, 20230219211301, PT40M25S, 03
01, 76694968036, 20230403011542, 20230403012827, PT12M45S, 03
01, 71743378377, 20230307030324, 20230307030416, PT52S, 03
01, 73447138645, 20230130083055, 20230130090814, PT37M19S, 03
01, 76826167792, 20230331145546, 20230331150748, PT12M2S, 06
01, 75720354789, 20230219042126, 20230219042250, PT1M24S, 06
02, 78329984352, 20230112130209, 20230112134656, PT44M47S, 11
01, 78117604695, 20230218073354, 20230218075847, PT24M53S, 06
01, 78329984352, 20230418103232, 20230418112256, PT50M24S, 11
02, 78329984352, 20230318045505, 20230318052532, PT30M27S, 11
01, 76638974409, 20230312184956, 20230312185254, PT2M58S, 11
02, 70000000000, 20230125131147, 20230125140757, PT56M10S, 06
01, 78523494915, 20230209063848, 20230209073017, PT51M29S, 06
02, 72976204843, 20230417055035, 20230417055917, PT8M42S, 11
02, 74952641858, 20230422082138, 20230422091656, PT55M18S, 03
01, 74468131714, 20230305165326, 20230305170355, PT10M29S, 03
02, 72338880219, 20230305235911, 20230306000349, PT4M38S, 06
01, 73708833607, 20230309031655, 20230309041102, PT54M7S, 11
02, 72684540570, 20230114072046, 20230114072621, PT5M35S, 06
02, 77433639816, 20230114225230, 20230114233443, PT42M13S, 06
01, 73183773260, 20230228001302, 20230228005153, PT38M51S, 06
01, 71489042934, 20230405202428, 20230405204403, PT19M35S, 06
01, 77860304173, 20230420071201, 20230420080854, PT56M53S, 03
01, 71489042934, 20230115091517, 20230115094558, PT30M41S, 06
01, 74952641858, 20230228074357, 20230228074508, PT1M11S, 03
01, 72450581455, 20230403114647, 20230403115511, PT8M24S, 03
02, 78067561751, 20230222035802, 20230222041815, PT20M13S, 03
01, 74395955718, 20230415074202, 20230415083749, PT55M47S, 03
01, 72684540570, 20230414013204, 20230414013905, PT7M1S, 06
02, 71802734549, 20230209171943, 20230209181050, PT51M7S, 11
02, 74395955718, 20230419182856, 20230419185222, PT23M26S, 03
01, 72976204843, 20230128125819, 20230128133002, PT31M43S, 11
02, 75083259294, 20230204180815, 20230204190643, PT58M28S, 03
01, 78329984352, 20230219212649, 20230219215606, PT29M17S, 11
02, 74502078369, 20230331175606, 20230331182345, PT27M39S, 03
02, 71802734549, 20230129032843, 20230129041440, PT45M57S, 11
02, 78523494915, 20230303134508, 20230303142519, PT40M11S, 06
01, 78537752983, 20230103033215, 20230103042518, PT53M3S, 03
01, 72338880219, 20230223175819, 20230223182914, PT30M55S, 06
02, 77899130355, 20230403095252, 20230403104611, PT53M19S, 03
01, 71485499606, 20230206140310, 20230206143942, PT36M32S, 11
02, 76638974409, 20230127201953, 20230127210340, PT43M47S, 11
01, 78791909037, 20230107074812, 20230107084640, PT58M28S, 03
01, 71485499606, 20230301232333, 20230301232551, PT2M18S, 11
01, 73708833607, 20230317153053, 20230317161020, PT39M27S, 11
02, 75720354789, 20230127041000, 20230127044957, PT39M57S, 06
01, 73708833607, 20230113035931, 20230113044653, PT47M22S, 11
02, 76148379252, 20230417172200, 20230417180108, PT39M8S, 06
02, 78329984352, 20230419051951, 20230419052548, PT5M57S, 11
01, 76826167792, 20230313203448, 20230313212336, PT48M48S, 06
02, 71485499606, 20230220151308, 20230220155502, PT41M54S, 11
01, 72736605454, 20230228234947, 20230301003514, PT45M27S, 11
02, 77461897683, 20230109145830, 20230109150222, PT3M52S, 06
01, 74468131714, 20230212203837, 20230212205708, PT18M31S, 03
01, 78537752983, 20230409221136, 20230409221458, PT3M22S, 03
02, 77860304173, 20230415212131, 20230415220908, PT47M37S, 03
02, 75043086062, 20230406050834, 20230406060028, PT51M54S, 06
01, 73447138645, 20230315171431, 20230315173836, PT24M5S, 03
02, 71485499606, 20230330042703, 20230330045252, PT25M49S, 11
01, 75720354789, 20230401092656, 20230401100423, PT37M27S, 06
02, 78537752983, 20230104023127, 20230104031948, PT48M21S, 03
02, 78537752983, 20230324223826, 20230324230335, PT25M9S, 03
02, 78981752732, 20230421170935, 20230421175643, PT47M8S, 03
01, 74502078369, 20230126155833, 20230126165311, PT54M38S, 03
02, 72736605454, 20230104225156, 20230104230438, PT12M42S, 11
02, 71016854518, 20230207080801, 20230207084445, PT36M44S, 06
02, 75043086062, 20230417195156, 20230417202014, PT28M18S, 06
01, 78329984352, 20230331093335, 20230331100506, PT31M31S, 11
02, 72450581455, 20230106032137, 20230106035442, PT33M5S, 03
02, 74502078369, 20230405100649, 20230405103930, PT32M41S, 03
02, 76638974409, 20230307132341, 20230307140127, PT37M46S, 11
02, 74050863719, 20230305031726, 20230305031753, PT27S, 11
02, 73183773260, 20230117180619, 20230117180718, PT59S, 06
02, 74155290440, 20230422032812, 20230422042049, PT52M37S, 06
02, 78117604695, 20230126183015, 20230126192954, PT59M39S, 06
02, 77860304173, 20230109105849, 20230109115817, PT59M28S, 03
01, 74952641858, 20230314204451, 20230314211737, PT32M46S, 03
02, 77461897683, 20230322091551, 20230322094306, PT27M15S, 06
02, 71300447516, 20230130124235, 20230130124848, PT6M13S, 06
01, 71489042934, 20230111184533, 20230111190340, PT18M7S, 06
02, 77171116903, 20230202003245, 20230202011658, PT44M13S, 06
01, 77433639816, 20230323210457, 20230323214201, PT37M4S, 06
02, 78040686407, 20230109081625, 20230109081655, PT30S, 06
02, 71802734549, 20230128141119, 20230128143528, PT24M9S, 11
02, 74155290440, 20230208075536, 20230208084034, PT44M58S, 06
01, 72976204843, 20230117104039, 20230117105146, PT11M7S, 11
01, 72976204843, 20230408053006, 20230408053746, PT7M40S, 11
02, 74155290440, 20230325202146, 20230325210546, PT44M, 06
02, 79510695655, 20230419185808, 20230419190914, PT11M6S, 11
01, 75915437806, 20230329112716, 20230329121044, PT43M28S, 06
02, 77461897683, 20230210133821, 20230210135131, PT13M10S, 06
02, 76694968036, 20230215180531, 20230215181158, PT6M27S, 03
02, 78504216740, 20230411045913, 20230411055003, PT50M50S, 11
01, 74395955718, 20230326172125, 20230326175213, PT30M48S, 03
02, 71489042934, 20230403075007, 20230403082340, PT33M33S, 06
02, 71802734549, 20230107085315, 20230107092653, PT33M38S, 11
02, 78174417406, 20230214110939, 20230214112219, PT12M40S, 03
02, 78523494915, 20230123170101, 20230123170735, PT6M34S, 06
01, 72684540570, 20230101184341, 20230101191046, PT27M5S, 06
02, 77461897683, 20230325105943, 20230325112636, PT26M53S, 06
01, 72338880219, 20230107202316, 20230107203534, PT12M18S, 06
01, 71485499606, 20230210085011, 20230210093234, PT42M23S, 11
01, 72684540570, 20230315153101, 20230315153123, PT22S, 06
02, 71802734549, 20230219161326, 20230219170325, PT49M59S, 11
01, 78537752983, 20230408003533, 20230408010209, PT26M36S, 03
02, 78981752732, 20230119101915, 20230119102615, PT7M, 03
02, 77433639816, 20230103203453, 20230103204932, PT14M39S, 06
02, 76694968036, 20230404193200, 20230404201323, PT41M23S, 03
01, 72684540570, 20230108110649, 20230108114009, PT33M20S, 06
02, 77496708358, 20230414103812, 20230414112124, PT43M12S, 11
01, 77433639816, 20230123052513, 20230123055752, PT32M39S, 06
01, 71489042934, 20230412051431, 20230412052509, PT10M38S, 06
02, 78791909037, 20230406102356, 20230406111220, PT48M24S, 03
02, 71743378377, 20230402005010, 20230402012733, PT37M23S, 03
02, 71802734549, 20230409034830, 20230409041431, PT26M1S, 11
02, 74155290440, 20230410050526, 20230410051548, PT10M22S, 06
02, 72736605454, 20230415153032, 20230415161329, PT42M57S, 11
01, 78040686407, 20230209223132, 20230209225310, PT21M38S, 06
02, 79304907980, 20230204173430, 20230204174647, PT12M17S, 03
01, 77461897683, 20230207140626, 20230207143326, PT27M, 06
01, 74952641858, 20230402233615, 20230403000904, PT32M49S, 03
02, 79304907980, 20230329113602, 20230329122333, PT47M31S, 03
01, 78040686407, 20230304165554, 20230304171429, PT18M35S, 06
01, 78174417406, 20230124145616, 20230124155346, PT57M30S, 03
02, 73447138645, 20230208083451, 20230208093036, PT55M45S, 03
01, 78329984352, 20230113111713, 20230113114654, PT29M41S, 11
02, 79304907980, 20230107214502, 20230107221147, PT26M45S, 03
02, 74155290440, 20230111185257, 20230111191805, PT25M8S, 06
01, 71489042934, 20230401151249, 20230401153029, PT17M40S, 06
01, 70000000000, 20230416102351, 20230416103136, PT7M45S, 06
02, 76694968036, 20230208000910, 20230208005525, PT46M15S, 03
02, 74192927103, 20230217034525, 20230217034909, PT3M44S, 03
02, 78067561751, 20230217032000, 20230217040905, PT49M5S, 03
02, 78117604695, 20230401201717, 20230401210315, PT45M58S, 06
02, 74952641858, 20230104233411, 20230104234608, PT11M57S, 03
02, 77171116903, 20230413024312, 20230413024718, PT4M6S, 06
01, 76638974409, 20230120164601, 20230120172035, PT34M34S, 11
02, 74468131714, 20230311042045, 20230311045134, PT30M49S, 03
02, 78981752732, 20230316014537, 20230316023248, PT47M11S, 03
01, 73853834144, 20230301144204, 20230301153800, PT55M56S, 03
02, 79510695655, 20230221215403, 20230221220359, PT9M56S, 11
02, 76694968036, 20230331192512, 20230331194252, PT17M40S, 03
01, 71489042934, 20230406192833, 20230406193210, PT3M37S, 06
01, 78791909037, 20230208102533, 20230208110029, PT34M56S, 03
01, 75403223802, 20230125061117, 20230125061723, PT6M6S, 11
02, 78067561751, 20230109145056, 20230109152246, PT31M50S, 03
02, 72450581455, 20230114110509, 20230114114803, PT42M54S, 03
02, 74192927103, 20230103085544, 20230103091318, PT17M34S, 03
01, 72338880219, 20230326141128, 20230326150241, PT51M13S, 06
02, 72976204843, 20230304062824, 20230304072316, PT54M52S, 11
02, 74155290440, 20230110034819, 20230110042322, PT35M3S, 06
02, 78537752983, 20230111094612, 20230111101000, PT23M48S, 03
01, 78537752983, 20230108045239, 20230108050755, PT15M16S, 03
02, 74155290440, 20230203070918, 20230203072133, PT12M15S, 06
01, 73853834144, 20230126162131, 20230126170353, PT42M22S, 03
02, 71802734549, 20230210104044, 20230210110513, PT24M29S, 11
01, 72684540570, 20230220011943, 20230220015054, PT31M11S, 06
02, 74050863719, 20230107002420, 20230107004015, PT15M55S, 11
01, 72736605454, 20230303235704, 20230304005614, PT59M10S, 11
01, 72450581455, 20230119032443, 20230119033134, PT6M51S, 03
02, 71485499606, 20230120142444, 20230120143505, PT10M21S, 11
01, 71485499606, 20230110211157, 20230110212606, PT14M9S, 11
01, 73447138645, 20230207004429, 20230207012639, PT42M10S, 03
01, 74395955718, 20230222115616, 20230222124735, PT51M19S, 03
02, 74952641858, 20230210025556, 20230210030532, PT9M36S, 03
02, 76148379252, 20230107103225, 20230107104852, PT16M27S, 06
01, 71743378377, 20230207003723, 20230207004423, PT7M, 03
01, 79510695655, 20230411012210, 20230411021912, PT57M2S, 11
02, 78067561751, 20230220131524, 20230220135232, PT37M8S, 03
01, 77461897683, 20230310142541, 20230310142659, PT1M18S, 06
01, 74952641858, 20230409184554, 20230409185336, PT7M42S, 03
02, 78537752983, 20230329195601, 20230329201011, PT14M10S, 03
01, 70000000000, 20230106043546, 20230106045305, PT17M19S, 06
01, 71016854518, 20230203182238, 20230203191321, PT50M43S, 06
01, 71489042934, 20230421195355, 20230421203625, PT42M30S, 06
02, 78117604695, 20230317142509, 20230317142553, PT44S, 06
01, 74502078369, 20230125172132, 20230125180222, PT40M50S, 03
02, 76826167792, 20230103011817, 20230103013445, PT16M28S, 06
02, 78537752983, 20230127224933, 20230127231343, PT24M10S, 03
02, 74502078369, 20230202174004, 20230202175557, PT15M53S, 03
02, 77899130355, 20230222113231, 20230222122943, PT57M12S, 03
02, 72736605454, 20230405162031, 20230405170738, PT47M7S, 11
02, 71485499606, 20230422050429, 20230422051045, PT6M16S, 11
02, 77860304173, 20230203151219, 20230203152916, PT16M57S, 03
01, 73183773260, 20230409040456, 20230409042006, PT15M10S, 06
01, 75720354789, 20230204232204, 20230204235702, PT34M58S, 06
