71083979577, 06, 57, 100.0, RUB, 1
02, 20230119032942, 20230119042543, PT56M1S, 0.0, RUB
76542880104, 11, 231, 246.5, RUB, 1
01, 20230120011412, 20230120050412, PT3H50M, 246.5, RUB
71687587389, 11, 0, 0.0, RUB, 0
78453562620, 11, 98, 49.0, RUB, 1
01, 20230120205754, 20230120223547, PT1H37M53S, 49.0, RUB
78513754743, 03, 38, 57.0, RUB, 1
01, 20230115094026, 20230115101753, PT37M27S, 57.0, RUB
75429354645, 11, 0, 0.0, RUB, 0
76967300412, 06, 158, 100.0, RUB, 1
01, 20230405041403, 20230405065147, PT2H37M44S, 0.0, RUB
7345437118, 03, 33, 49.5, RUB, 1
01, 20230411235904, 20230412003200, PT32M56S, 49.5, RUB
76797950602, 03, 413, 619.5, RUB, 3
01, 20230410021107, 20230410055938, PT3H48M31S, 343.5, RUB
01, 20230422122557, 20230422141424, PT1H48M27S, 163.5, RUB
01, 20230215072452, 20230215083853, PT1H14M1S, 112.5, RUB
74518308879, 06, 62, 100.0, RUB, 1
01, 20230314025527, 20230314035649, PT1H1M22S, 0.0, RUB
72143075269, 11, 0, 0.0, RUB, 0
79197162078, 03, 218, 327.0, RUB, 1
02, 20230405013946, 20230405051743, PT3H37M57S, 327.0, RUB
73734435243, 06, 312, 112.0, RUB, 2
01, 20230213204039, 20230213232958, PT2H49M19S, 0.0, RUB
01, 20230113073524, 20230113095710, PT2H21M46S, 12.0, RUB
75842649553, 03, 6, 9.0, RUB, 1
01, 20230319192015, 20230319192520, PT5M5S, 9.0, RUB
77947559959, 06, 150, 100.0, RUB, 2
01, 20230102132633, 20230102153658, PT2H10M25S, 0.0, RUB
01, 20230410065731, 20230410071548, PT18M17S, 0.0, RUB
79931864523, 06, 313, 113.0, RUB, 2
02, 20230312071707, 20230312083050, PT1H13M43S, 0.0, RUB
02, 20230213074408, 20230213114244, PT3H58M36S, 13.0, RUB
77954916322, 03, 143, 214.5, RUB, 1
02, 20230118070532, 20230118092748, PT2H22M16S, 214.5, RUB
71578980168, 06, 185, 100.0, RUB, 1
02, 20230329111348, 20230329141832, PT3H4M44S, 0.0, RUB
7791648853, 03, 156, 234.0, RUB, 1
02, 20230411221409, 20230412004931, PT2H35M22S, 234.0, RUB
755573340, 06, 109, 100.0, RUB, 1
01, 20230301034218, 20230301053029, PT1H48M11S, 0.0, RUB
7480877631, 11, 0, 0.0, RUB, 0
71082257111, 06, 22, 100.0, RUB, 1
02, 20230112164123, 20230112170230, PT21M7S, 0.0, RUB
